  0.000000000000000E+000 -0.205058749602255       6.953756623027333E-006
  7.812500000000000E-003 -0.205351353231416      -8.481291341342831E-004
  1.562500000000000E-002 -0.205996879777654      -1.883289961273806E-003
  2.343750000000000E-002 -0.207194814803566      -2.851637920077493E-003
  3.125000000000000E-002 -0.208953441839013      -3.573638139805724E-003
  3.906250000000000E-002 -0.212208998579764      -4.659591119363674E-003
  4.687500000000000E-002 -0.216997860373605      -6.322338782291288E-003
  5.468750000000000E-002 -0.226093184018676      -6.496163240091745E-003
  6.250000000000000E-002 -0.248890873543464      -1.267583072507935E-002
  7.031250000000000E-002 -6.932245353295069E-003 -8.257883979834318E-002
  7.812500000000000E-002 -0.210116598989867      -8.363024162717754E-002
  8.593750000000000E-002 -0.234020931238523      -0.282409858216366     
  9.375000000000000E-002 -0.125766187700639      -3.855599525270254E-003
  0.101562500000000      -0.162775032504234      -7.560076449610645E-003
  0.109375000000000      -0.174605150212404      -9.116697822592173E-003
  0.117187500000000      -0.183271563065759      -1.252856341024537E-002
  0.125000000000000      -0.189448925114700      -1.553282056540245E-002
  0.132812500000000      -0.194048224584165      -2.119717998912864E-002
  0.140625000000000      -0.197761618099392      -2.794617290854589E-002
  0.148437500000000      -0.196878758100351      -3.545799626535203E-002
  0.156250000000000      -0.193480819221414      -4.346793083476014E-002
  0.164062500000000      -0.187574172510209      -4.464223886927121E-002
  0.171875000000000      -0.184816941779719      -4.834053147598380E-002
  0.179687500000000      -0.175864349142818      -4.889590530370990E-002
  0.187500000000000      -0.173005350232607      -4.515850014350697E-002
  0.195312500000000      -0.171651278315913      -4.271921348719829E-002
  0.203125000000000      -0.171370616453854      -4.019722505390119E-002
  0.210937500000000      -0.172487601282575      -3.829323709742452E-002
  0.218750000000000      -0.175979889897563      -3.896467182663200E-002
  0.226562500000000      -0.176398675448155      -4.284052606757070E-002
  0.234375000000000      -0.172689142040544      -4.800846265137281E-002
  0.242187500000000      -0.165593489372260      -4.398006093088684E-002
  0.250000000000000      -0.164697760846193      -4.031698119290213E-002
  0.257812500000000      -0.164392086228870      -3.743411570184416E-002
  0.265625000000000      -0.164803207243395      -3.472978475226340E-002
  0.273437500000000      -0.164993854614374      -3.179780560451175E-002
  0.281250000000000      -0.166007966180893      -2.652550252531555E-002
  0.289062500000000      -0.171297476969071      -2.301653016213038E-002
  0.296875000000000      -0.176706201926317      -2.041924534290101E-002
  0.304687500000000      -0.185526017911208      -1.847231313922591E-002
  0.312500000000000      -0.192541917920902      -2.493208018550751E-002
  0.320312500000000      -0.195312976057735      -2.908903446577831E-002
  0.328125000000000      -0.197984909875102      -3.200501071798813E-002
  0.335937500000000      -0.201059546486367      -3.533642386360723E-002
  0.343750000000000      -0.203653071734937      -3.848421712440736E-002
  0.351562500000000      -0.206569086192112      -4.144894875101494E-002
  0.359375000000000      -0.210816729140049      -4.463408181715274E-002
  0.367187500000000      -0.215437476524556      -4.997264554976420E-002
  0.375000000000000      -0.220050693334842      -5.739757305386254E-002
  0.382812500000000      -0.223282981409320      -6.954861630949358E-002
  0.390625000000000      -0.215155383567511      -7.993755346982927E-002
  0.398437500000000      -0.210004075627848      -8.382934533301166E-002
  0.406250000000000      -0.205891092099513      -8.697627561209002E-002
  0.414062500000000      -0.201517205268396      -8.922985602778746E-002
  0.421875000000000      -0.198729751000614      -8.910416329546829E-002
  0.429687500000000      -0.197409216968557      -8.916948040206690E-002
  0.437500000000000      -0.196959094383994      -8.885566437813097E-002
  0.445312500000000      -0.198842987940979      -8.644633069795468E-002
  0.453125000000000      -0.205171900415820      -8.886403428530835E-002
  0.460937500000000      -0.210666687936507      -9.376167578600139E-002
  0.468750000000000      -0.216210859732291      -0.101208884338839     
  0.476562500000000      -0.220608948026942      -0.113092547560166     
  0.484375000000000      -0.219651158322327      -0.123932827344854     
  0.492187500000000      -0.220607580843286      -0.135209169737618     
  0.500000000000000      -0.222202008360633      -0.149560536041087     
  0.507812500000000      -0.226922844038702      -0.170845744069899     
  0.515625000000000      -0.210198275328281      -0.236130246115463     
  0.523437500000000      -0.127983637927080      -0.234250447592577     
  0.531250000000000      -9.678428047665076E-002 -0.195911635252668     
  0.539062500000000      -9.042468400999136E-002 -0.166886245695827     
  0.546875000000000      -9.438569181642685E-002 -0.147839083314887     
  0.554687500000000      -9.768543090990379E-002 -0.141315381573711     
  0.562500000000000      -9.738379770639535E-002 -0.136895949594895     
  0.570312500000000      -9.484454763522221E-002 -0.132895078490461     
  0.578125000000000      -9.066529166986668E-002 -0.127615776548598     
  0.585937500000000      -8.742655276174939E-002 -0.117957682812050     
  0.593750000000000      -8.945810601635784E-002 -0.110487428307367     
  0.601562500000000      -9.141842072032377E-002 -0.105077616271939     
  0.609375000000000      -9.329173404229603E-002 -0.100558016243806     
  0.617187500000000      -9.519728998684127E-002 -9.648063351365707E-002
  0.625000000000000      -9.777593994762496E-002 -9.254153867436597E-002
  0.632812500000000      -0.100631984662650      -9.016376498790754E-002
  0.640625000000000      -0.102943797743159      -8.831668897311636E-002
  0.648437500000000      -0.104935626219311      -8.666529924262084E-002
  0.656250000000000      -0.106741446809398      -8.500849296013296E-002
  0.664062500000000      -0.108509823616559      -8.293791591260466E-002
  0.671875000000000      -0.111781770851435      -8.117134360009461E-002
  0.679687500000000      -0.114876686217096      -8.042270164078950E-002
  0.687500000000000      -0.117917142526103      -8.012110745570265E-002
  0.695312500000000      -0.121055497538165      -8.023762457612617E-002
  0.703125000000000      -0.124551323659556      -8.097112765438357E-002
  0.710937500000000      -0.127794258828150      -8.426458541563167E-002
  0.718750000000000      -0.128178151853279      -8.690183325380002E-002
  0.726562500000000      -0.128303255495014      -8.857380851056115E-002
  0.734375000000000      -0.128477601217046      -8.982281924037883E-002
  0.742187500000000      -0.128579566709997      -9.110214035994277E-002
  0.750000000000000      -0.127510427721386      -9.229313362161906E-002
  0.757812500000000      -0.127479398095604      -8.965248030868773E-002
  0.765625000000000      -0.130182060753516      -8.939581120002046E-002
  0.773437500000000      -0.132684254670040      -9.029715693166764E-002
  0.781250000000000      -0.134982541756131      -9.185814476761500E-002
  0.789062500000000      -0.137146582463768      -9.395461587697035E-002
  0.796875000000000      -0.139397462553168      -9.668399214137546E-002
  0.804687500000000      -0.141012797331372      -0.101886507494978     
  0.812500000000000      -0.139818341605692      -0.106551528346067     
  0.820312500000000      -0.137626231435085      -0.110538772270540     
  0.828125000000000      -0.134371169059384      -0.113911174655323     
  0.835937500000000      -0.129851188024344      -0.116363799659469     
  0.843750000000000      -0.123739691005936      -0.117122112186965     
  0.851562500000000      -0.115890242452273      -0.112247915136721     
  0.859375000000000      -0.116276874840479      -0.105706989035719     
  0.867187500000000      -0.117516172270709      -0.101648417403112     
  0.875000000000000      -0.119125993641140      -9.825985374768638E-002
  0.882812500000000      -0.121195428081487      -9.495229182810958E-002
  0.890625000000000      -0.124116862339377      -9.135235114642384E-002
  0.898437500000000      -0.128976314058286      -8.726191971701579E-002
  0.906250000000000      -0.138322109757572      -8.683129732347337E-002
  0.914062500000000      -0.143542385833729      -8.982866371873684E-002
  0.921875000000000      -0.147694218198742      -9.241598525806083E-002
  0.929687500000000      -0.151448709535156      -9.499666702088799E-002
  0.937500000000000      -0.154914130236683      -9.774134480160596E-002
  0.945312500000000      -0.157950100668859      -0.100685016735419     
  0.953125000000000      -0.160206288151755      -0.103475590921303     
  0.960937500000000      -0.162233215182540      -0.104661267601799     
  0.968750000000000      -0.165865946005006      -0.105558803036173     
  0.976562500000000      -0.170209845972484      -0.106626985774322     
  0.984375000000000      -0.175382468294725      -0.107660067852015     
  0.992187500000000      -0.181772527760654      -0.108591935901431     
   1.00000000000000      -0.190070823114798      -0.109470945061445     
   1.00781250000000      -0.201624534510980      -0.110615269315622     
   1.01562500000000      -0.220491347082193      -0.113920373795912     
   1.02343750000000      -0.238562325158286      -0.132917776452996     
   1.03125000000000      -0.249952146705833      -0.153479977631469     
   1.03906250000000      -0.258175358633390      -0.176428584393564     
   1.04687500000000      -0.263139126410260      -0.202085677590282     
   1.05468750000000      -0.264155294115154      -0.230717277973792     
   1.06250000000000      -0.259877688533262      -0.262567621816349     
   1.07031250000000      -0.247732154582116      -0.297771403832639     
   1.07812500000000      -0.218394075149515      -0.335113694238171     
   1.08593750000000      -0.179335311967125      -0.349733388591431     
   1.09375000000000      -0.145402571851379      -0.354573160505203     
   1.10156250000000      -0.115543658479254      -0.353380207414613     
   1.10937500000000      -8.956102982955202E-002 -0.348081281221652     
   1.11718750000000      -6.722577438172847E-002 -0.339917760392160     
   1.12500000000000      -4.832402418331181E-002 -0.329692638870846     
   1.13281250000000      -3.278208934059638E-002 -0.317859075583989     
   1.14062500000000      -2.130696160552941E-002 -0.304175624171593     
   1.14843750000000      -1.556982304237770E-002 -0.294070411650270     
   1.15625000000000      -9.412964610749447E-003 -0.286076708586551     
   1.16406250000000      -3.597383898454732E-003 -0.278816141192971     
   1.17187500000000       1.792517227500824E-003 -0.271970005416916     
   1.17968750000000       6.705392626311280E-003 -0.265351318099560     
   1.18750000000000       1.106353262736652E-002 -0.258837126340239     
   1.19531250000000       1.477350652104525E-002 -0.252347318976965     
   1.20312500000000       1.788884612476222E-002 -0.245589642260359     
   1.21093750000000       1.655844613134667E-002 -0.237224818893420     
   1.21875000000000       1.408476061770745E-002 -0.235960274325834     
   1.22656250000000       1.407413453854918E-002 -0.236624557370575     
   1.23437500000000       1.579893612351370E-002 -0.238238658358025     
   1.24218750000000       1.913011397766925E-002 -0.240510257320476     
   1.25000000000000       2.424035855974479E-002 -0.243239987354132     
   1.25781250000000       3.155655127151701E-002 -0.246124762121505     
   1.26562500000000       4.180881904898501E-002 -0.248520344124560     
   1.27343750000000       5.623412117559020E-002 -0.248802560620265     
   1.28125000000000       7.358579009384542E-002 -0.238557426170230     
   1.28906250000000       8.051947839219245E-002 -0.226426158020842     
   1.29687500000000       8.553107055641572E-002 -0.216412708979249     
   1.30468750000000       8.971402769919877E-002 -0.207237750672844     
   1.31250000000000       9.336880197118952E-002 -0.198391038078525     
   1.32031250000000       9.657094820297778E-002 -0.189571190746076     
   1.32812500000000       9.928772730840406E-002 -0.180566853674317     
   1.33593750000000       0.101410950992823      -0.171202892596326     
   1.34375000000000       0.102745083080118      -0.161270053197894     
   1.35156250000000       0.102807225258534      -0.150082994320805     
   1.35937500000000       9.820867102080659E-002 -0.140280158656313     
   1.36718750000000       9.409398451668266E-002 -0.133407422827636     
   1.37500000000000       9.030381210702390E-002 -0.127621246503121     
   1.38281250000000       8.671182662994552E-002 -0.122569072383888     
   1.39062500000000       8.325329428534091E-002 -0.118084495880432     
   1.39843750000000       7.988664502299840E-002 -0.114073126081288     
   1.40625000000000       7.658078054371061E-002 -0.110478682584025     
   1.41406250000000       7.330738416656900E-002 -0.107271437495117     
   1.42187500000000       7.002926363555576E-002 -0.104452023917866     
   1.42968750000000       6.662314124902649E-002 -0.102141659477979     
   1.43750000000000       6.385919284293591E-002 -0.100621981239973     
   1.44531250000000       6.145857565051011E-002 -9.898659591799541E-002
   1.45312500000000       5.918990242862285E-002 -9.737887548389045E-002
   1.46093750000000       5.698691936441011E-002 -9.583033635349675E-002
   1.46875000000000       5.480482811371670E-002 -9.436133071200697E-002
   1.47656250000000       5.260520235410195E-002 -9.299310421797477E-002
   1.48437500000000       5.034898389713326E-002 -9.175422899823031E-002
   1.49218750000000       4.798889783610164E-002 -9.068947147979975E-002
   1.50000000000000       4.545266320770956E-002 -8.988192208568245E-002
   1.50781250000000       4.257102540317542E-002 -8.955114525073407E-002
   1.51562500000000       4.002927015352447E-002 -9.107100744609560E-002
   1.52343750000000       3.927257775541781E-002 -9.218496000110873E-002
   1.53125000000000       3.888395364259147E-002 -9.280425507894847E-002
   1.53906250000000       3.870769299093208E-002 -9.310320335721127E-002
   1.54687500000000       3.867187180529209E-002 -9.313537332817334E-002
   1.55468750000000       3.872443266251981E-002 -9.291426310043616E-002
   1.56250000000000       3.881515906518835E-002 -9.242860413494919E-002
   1.57031250000000       3.888393129414811E-002 -9.163995202877499E-002
   1.57812500000000       3.884345827067785E-002 -9.045791452992022E-002
   1.58593750000000       3.851996166160077E-002 -8.863660751887338E-002
   1.59375000000000       3.717116519204194E-002 -8.524877133536818E-002
   1.60156250000000       2.862837264508693E-002 -8.314536251021148E-002
   1.60937500000000       2.131751076282390E-002 -9.092028314750679E-002
   1.61718750000000       2.338980597123512E-002 -0.103128308511684     
   1.62500000000000       3.390323913483467E-002 -0.108922246328866     
   1.63281250000000       4.356282650839746E-002 -0.106778710950968     
   1.64062500000000       4.940382849246794E-002 -0.101599871553838     
   1.64843750000000       5.246019154345066E-002 -9.600862396195300E-002
   1.65625000000000       5.385440671156844E-002 -9.067371533436855E-002
   1.66406250000000       5.419349019117879E-002 -8.561095808293544E-002
   1.67187500000000       5.370403644652226E-002 -8.066167738474010E-002
   1.67968750000000       5.227273495400924E-002 -7.558519424185763E-002
   1.68750000000000       4.824334547406706E-002 -7.018628448068052E-002
   1.69531250000000       4.367955898461894E-002 -6.913910281235854E-002
   1.70312500000000       4.061571254419286E-002 -6.858063280961758E-002
   1.71093750000000       3.816154905799539E-002 -6.819775491057881E-002
   1.71875000000000       3.606826408770222E-002 -6.789287097539791E-002
   1.72656250000000       3.420293155539177E-002 -6.761637307329511E-002
   1.73437500000000       3.247429307478775E-002 -6.733901556910038E-002
   1.74218750000000       3.080734223330979E-002 -6.704306563986392E-002
   1.75000000000000       2.912995385515706E-002 -6.671944084001978E-002
   1.75781250000000       2.736153775530086E-002 -6.636827107941333E-002
   1.76562500000000       2.539621942741482E-002 -6.600417111367893E-002
   1.77343750000000       2.305996558223240E-002 -6.567679083859709E-002
   1.78125000000000       1.978575288166248E-002 -6.568196401232305E-002
   1.78906250000000       1.700615966441279E-002 -6.734008191966491E-002
   1.79687500000000       1.468300526458265E-002 -6.901194567729867E-002
   1.80468750000000       1.251590652994591E-002 -7.092386212589556E-002
   1.81250000000000       1.047581180131396E-002 -7.316392105250619E-002
   1.82031250000000       8.588875915858015E-003 -7.581161285911867E-002
   1.82812500000000       6.923476041019198E-003 -7.894676518845414E-002
   1.83593750000000       5.595519076101630E-003 -8.264541535075751E-002
   1.84375000000000       4.778679061084708E-003 -8.696620538494008E-002
   1.85156250000000       4.713210286746469E-003 -9.192624047113931E-002
   1.85937500000000       5.707020988950460E-003 -9.746829586960938E-002
   1.86718750000000       8.129288293362645E-003 -0.103431142803857     
   1.87500000000000       1.244333431559932E-002 -0.109565134624989     
   1.88281250000000       2.049623383474072E-002 -0.115115449338185     
   1.89062500000000       2.952819160129583E-002 -0.115387953527812     
   1.89843750000000       3.666110243474548E-002 -0.113385758275936     
   1.90625000000000       4.213929488408022E-002 -0.110426383390676     
   1.91406250000000       4.632155550010510E-002 -0.107150476329939     
   1.92187500000000       4.954879191957621E-002 -0.103862262569991     
   1.92968750000000       5.209139772309025E-002 -0.100685702163611     
   1.93750000000000       5.414579040969881E-002 -9.765212834780304E-002
   1.94531250000000       5.584658425293133E-002 -9.474769670330097E-002
   1.95312500000000       5.728021008898691E-002 -9.193785580683196E-002
   1.96093750000000       5.849516454900642E-002 -8.917896239463645E-002
   1.96875000000000       5.950672465179958E-002 -8.642173271183602E-002
   1.97656250000000       6.028976625058929E-002 -8.360407489921098E-002
   1.98437500000000       6.064394916481764E-002 -8.054610281703432E-002
   1.99218750000000       6.030182024446516E-002 -7.819110533527815E-002
   2.00000000000000       6.013459261659970E-002 -7.614460003913849E-002
   2.00781250000000       5.998816637958476E-002 -7.423593658252485E-002
   2.01562500000000       5.982871456049415E-002 -7.242542373672746E-002
   2.02343750000000       5.964088135574612E-002 -7.069496837014727E-002
   2.03125000000000       5.941590182194648E-002 -6.903525395016524E-002
   2.03906250000000       5.914795843343958E-002 -6.744197320328862E-002
   2.04687500000000       5.883276224359476E-002 -6.591450209061474E-002
   2.05468750000000       5.846696773476767E-002 -6.445556013949508E-002
   2.06250000000000       5.804794670401328E-002 -6.307152642130159E-002
   2.07031250000000       5.757369202747690E-002 -6.177364686369451E-002
   2.07812500000000       5.704263780810337E-002 -6.058141706715413E-002
   2.08593750000000       5.645277809492148E-002 -5.953432142225716E-002
   2.09375000000000       5.580839143375572E-002 -5.881894600033466E-002
   2.10156250000000       5.569796274127108E-002 -5.818443876744855E-002
   2.10937500000000       5.561830413794835E-002 -5.736091750206261E-002
   2.11718750000000       5.554264598694730E-002 -5.646720050510898E-002
   2.12500000000000       5.546054770472848E-002 -5.552908149468548E-002
   2.13281250000000       5.536493957803675E-002 -5.455811595598287E-002
   2.14062500000000       5.525001127477774E-002 -5.356075673566157E-002
   2.14843750000000       5.511037331210937E-002 -5.254109257859309E-002
   2.15625000000000       5.494054804751897E-002 -5.150195397341638E-002
   2.16406250000000       5.473451123355953E-002 -5.044543268109376E-002
   2.17187500000000       5.448510570833463E-002 -4.937313284604317E-002
   2.17968750000000       5.418306575632362E-002 -4.828625013904534E-002
   2.18750000000000       5.381501273586499E-002 -4.718544370165581E-002
   2.19531250000000       5.335822882385556E-002 -4.607017881064965E-002
   2.20312500000000       5.275995061041894E-002 -4.493540454892436E-002
   2.21093750000000       5.176150529077500E-002 -4.396901097907183E-002
   2.21875000000000       5.097659753755936E-002 -4.347866691165397E-002
   2.22656250000000       5.037011407395791E-002 -4.302587138020206E-002
   2.23437500000000       4.986429823712115E-002 -4.258958966647595E-002
   2.24218750000000       4.943176990047040E-002 -4.216042118223387E-002
   2.25000000000000       4.905803509218070E-002 -4.173184225413441E-002
   2.25781250000000       4.873377274614189E-002 -4.129833048911106E-002
   2.26562500000000       4.845203558766565E-002 -4.085469047750234E-002
   2.27343750000000       4.820689840895105E-002 -4.039576526469132E-002
   2.28125000000000       4.799265317778820E-002 -3.991631929792032E-002
   2.28906250000000       4.780323931383466E-002 -3.941101442290782E-002
   2.29687500000000       4.763177619452366E-002 -3.887442749462902E-002
   2.30468750000000       4.747011576517333E-002 -3.830101987569721E-002
   2.31250000000000       4.730829402912039E-002 -3.768477238131041E-002
   2.32031250000000       4.713344836521821E-002 -3.701711840030555E-002
   2.32812500000000       4.692397993837250E-002 -3.626477170799545E-002
   2.33593750000000       4.651017841959087E-002 -3.553784503859289E-002
   2.34375000000000       4.611168944192928E-002 -3.492238352349802E-002
   2.35156250000000       4.572809804452008E-002 -3.434360481731741E-002
   2.35937500000000       4.535572760197855E-002 -3.378563044277080E-002
   2.36718750000000       4.499188623495001E-002 -3.324057626906475E-002
   2.37500000000000       4.463429575166315E-002 -3.270365571491076E-002
   2.38281250000000       4.428093849705744E-002 -3.217163341494247E-002
   2.39062500000000       4.393000522614857E-002 -3.164213143929454E-002
   2.39843750000000       4.357987306815218E-002 -3.111322183056052E-002
   2.40625000000000       4.322908428323000E-002 -3.058310965770006E-002
   2.41406250000000       4.287630167606751E-002 -3.004980468588361E-002
   2.42187500000000       4.252020586751554E-002 -2.951068510685475E-002
   2.42968750000000       4.215926476504925E-002 -2.896178094454094E-002
   2.43750000000000       4.179119260842557E-002 -2.839630143998476E-002
   2.44531250000000       4.141141584511447E-002 -2.780048586823138E-002
   2.45312500000000       4.100518648625614E-002 -2.713048735971509E-002
   2.46093750000000       4.033613864259457E-002 -2.644268297283988E-002
   2.46875000000000       3.966252811186240E-002 -2.596719048888682E-002
   2.47656250000000       3.902221136703258E-002 -2.556138028251128E-002
   2.48437500000000       3.840579845109278E-002 -2.519940939645050E-002
   2.49218750000000       3.780816571329097E-002 -2.486972290599998E-002
   2.50000000000000       3.722575977309496E-002 -2.456574789537841E-002
   2.53125000000000       3.499844201101642E-002 -2.354024301143217E-002
   2.56250000000000       3.282226962481501E-002 -2.275753068354910E-002
   2.59375000000000       3.039886849314866E-002 -2.247307386345000E-002
   2.62500000000000       2.869360687368884E-002 -2.288385416460276E-002
   2.65625000000000       2.741344611240626E-002 -2.333593007445213E-002
   2.68750000000000       2.652093602136512E-002 -2.389878943287941E-002
   2.71875000000000       2.618937390176951E-002 -2.454715098074163E-002
   2.75000000000000       2.652942191122724E-002 -2.438498306984126E-002
   2.78125000000000       2.637736831431679E-002 -2.386510617873903E-002
   2.81250000000000       2.607476179862525E-002 -2.331653274685829E-002
   2.84375000000000       2.565373287162069E-002 -2.276052736347476E-002
   2.87500000000000       2.498089631026550E-002 -2.231649224009781E-002
   2.90625000000000       2.466648324044271E-002 -2.229564802338634E-002
   2.93750000000000       2.461893116012761E-002 -2.206392715307781E-002
   2.96875000000000       2.469417645147533E-002 -2.161446316120277E-002
   3.00000000000000       2.480567203482996E-002 -2.087205594835036E-002
   3.03125000000000       2.464172538031952E-002 -1.956321008118173E-002
   3.06250000000000       2.373908473668633E-002 -1.871432791325759E-002
   3.09375000000000       2.294696440566870E-002 -1.815254757170894E-002
   3.12500000000000       2.219612971981471E-002 -1.771181615236398E-002
   3.15625000000000       2.144669143647965E-002 -1.736140163057458E-002
   3.18750000000000       2.060764066421657E-002 -1.714045151431486E-002
   3.21875000000000       2.000273054630338E-002 -1.729485537321122E-002
   3.25000000000000       1.961425859135149E-002 -1.737549929639521E-002
   3.28125000000000       1.933113073122258E-002 -1.743866816728916E-002
   3.31250000000000       1.914186790311348E-002 -1.750776238008321E-002
   3.34375000000000       1.907693574263809E-002 -1.762641468041966E-002
   3.37500000000000       1.944707746328471E-002 -1.764873329816780E-002
   3.40625000000000       1.974248854310434E-002 -1.722427583754493E-002
   3.43750000000000       1.991696431791677E-002 -1.665952696451843E-002
   3.46875000000000       1.998624955116058E-002 -1.598357034181722E-002
   3.50000000000000       1.993053222514437E-002 -1.520024494216663E-002
   3.53125000000000       1.966505259565460E-002 -1.427261312251814E-002
   3.56250000000000       1.895417244570823E-002 -1.364057245867267E-002
   3.59375000000000       1.841741264920279E-002 -1.323858356242053E-002
   3.62500000000000       1.793623511791703E-002 -1.288226824336058E-002
   3.65625000000000       1.747682122932542E-002 -1.255192478206889E-002
   3.68750000000000       1.701776586281799E-002 -1.224090394595940E-002
   3.71875000000000       1.652143027910156E-002 -1.195094325526934E-002
   3.75000000000000       1.602880335357370E-002 -1.182303228649435E-002
   3.78125000000000       1.564512979821641E-002 -1.170049879625509E-002
   3.81250000000000       1.530086599011860E-002 -1.157078937601017E-002
   3.84375000000000       1.498116283883275E-002 -1.143563760172303E-002
   3.87500000000000       1.467840999294913E-002 -1.129618732315302E-002
   3.90625000000000       1.438928042602238E-002 -1.115388957363821E-002
   3.93750000000000       1.411459876915149E-002 -1.099740693067354E-002
   3.96875000000000       1.383236199757171E-002 -1.083029043713315E-002
   4.00000000000000       1.354230055461492E-002 -1.065675429147881E-002
   4.03125000000000       1.323770266029568E-002 -1.047699527464714E-002
   4.06250000000000       1.290861039529266E-002 -1.029128627942948E-002
   4.09375000000000       1.253611003966334E-002 -1.009860333288202E-002
   4.12500000000000       1.203113203931329E-002 -9.886802097657025E-003
   4.15625000000000       1.148562725145496E-002 -9.996037628921298E-003
   4.18750000000000       1.109119459987107E-002 -1.014149504421527E-002
   4.21875000000000       1.076666344318090E-002 -1.030631492624040E-002
   4.25000000000000       1.049622399164249E-002 -1.048905076897409E-002
   4.28125000000000       1.027594425056771E-002 -1.069190279233458E-002
   4.31250000000000       1.011126783595384E-002 -1.092202207879840E-002
   4.34375000000000       1.006446218325490E-002 -1.120407964857740E-002
   4.37500000000000       1.011636351395230E-002 -1.133038638864783E-002
   4.40625000000000       1.013990694841687E-002 -1.142093724488208E-002
   4.43750000000000       1.016529458326590E-002 -1.149904031623673E-002
   4.46875000000000       1.020290181288113E-002 -1.157317078845762E-002
   4.50000000000000       1.026295999295750E-002 -1.165041793797719E-002
   4.53125000000000       1.036335077941138E-002 -1.174056018883721E-002
   4.56250000000000       1.056389441876544E-002 -1.187017829575213E-002
   4.59375000000000       1.097812221527807E-002 -1.174556492110150E-002
   4.62500000000000       1.121129451693222E-002 -1.147370493837634E-002
   4.65625000000000       1.136355780240527E-002 -1.116674911980153E-002
   4.68750000000000       1.145529704925784E-002 -1.083413957947232E-002
   4.71875000000000       1.149200491607038E-002 -1.047962965661663E-002
   4.75000000000000       1.147126795389358E-002 -1.010432720067422E-002
   4.78125000000000       1.137899742290371E-002 -9.706074788545195E-003
   4.81250000000000       1.111603725017334E-002 -9.310212832500137E-003
   4.84375000000000       1.085784116247852E-002 -9.124009637869836E-003
   4.87500000000000       1.065450264584792E-002 -8.949326690269132E-003
   4.90625000000000       1.046449758215009E-002 -8.775268980877295E-003
   4.93750000000000       1.027280120354839E-002 -8.598513659963176E-003
   4.96875000000000       1.006826683104003E-002 -8.416931560874604E-003
   5.00000000000000       9.837591447686861E-003 -8.228063130099198E-003
   5.03125000000000       9.555459198489463E-003 -8.026874307570956E-003
   5.06250000000000       9.082246909091880E-003 -7.848949179438031E-003
   5.09375000000000       8.664856617817050E-003 -7.979312812757393E-003
   5.12500000000000       8.369590909773680E-003 -8.140787080002293E-003
   5.15625000000000       8.142565589708427E-003 -8.321512742352251E-003
   5.18750000000000       7.970345394535406E-003 -8.519126838311776E-003
   5.21875000000000       7.849733278690443E-003 -8.733933045325172E-003
   5.25000000000000       7.784409364594870E-003 -8.968489137107351E-003
   5.28125000000000       7.788503459919680E-003 -9.229455939661860E-003
   5.31250000000000       7.915892521376705E-003 -9.539961704523266E-003
   5.34375000000000       8.305925998257918E-003 -9.625924094575137E-003
   5.37500000000000       8.542192019952139E-003 -9.539482229369352E-003
   5.40625000000000       8.715768008788446E-003 -9.416413978633369E-003
   5.43750000000000       8.848761849533539E-003 -9.268343821030608E-003
   5.46875000000000       8.949299670575101E-003 -9.100642693242816E-003
   5.50000000000000       9.020657197375173E-003 -8.916457761237971E-003
   5.53125000000000       9.063366186942121E-003 -8.717662858306358E-003
   5.56250000000000       9.074989839015564E-003 -8.504653856337802E-003
   5.59375000000000       9.041546717086187E-003 -8.270779007229792E-003
   5.62500000000000       8.939401136020741E-003 -8.095018578345527E-003
   5.65625000000000       8.856665956375038E-003 -7.946020820055090E-003
   5.68750000000000       8.774213012422238E-003 -7.803722264144859E-003
   5.71875000000000       8.687506004549667E-003 -7.664877614507658E-003
   5.75000000000000       8.593604805321911E-003 -7.527867287074619E-003
   5.78125000000000       8.489442909151464E-003 -7.391599790943341E-003
   5.81250000000000       8.370651719971926E-003 -7.255125129986083E-003
   5.84375000000000       8.229129809605464E-003 -7.117319668688071E-003
   5.87500000000000       8.041351232338503E-003 -6.975962286552170E-003
   5.90625000000000       7.767498540594710E-003 -6.950890189583712E-003
   5.93750000000000       7.593701686945535E-003 -6.993186867140630E-003
   5.96875000000000       7.460193475603469E-003 -7.038605056545601E-003
   6.00000000000000       7.352816368998948E-003 -7.085893026443883E-003
   6.03125000000000       7.266092635136904E-003 -7.134380214684344E-003
   6.06250000000000       7.197518621743749E-003 -7.183566802865838E-003
   6.09375000000000       7.146280583618474E-003 -7.232986530113309E-003
   6.12500000000000       7.113169724565999E-003 -7.282091946732593E-003
   6.15625000000000       7.101859114169022E-003 -7.330005146956457E-003
   6.18750000000000       7.130465414865710E-003 -7.373792842357169E-003
   6.21875000000000       7.166445813349658E-003 -7.333837557713697E-003
   6.25000000000000       7.162406999149456E-003 -7.295480408002387E-003
   6.28125000000000       7.147884896776203E-003 -7.260103047928273E-003
   6.31250000000000       7.127841589592266E-003 -7.226883770517792E-003
   6.34375000000000       7.104337922415130E-003 -7.195488988072519E-003
   6.37500000000000       7.078379371339414E-003 -7.165794881508327E-003
   6.40625000000000       7.050427307460165E-003 -7.137826565623855E-003
   6.43750000000000       7.020545151502319E-003 -7.111783950780754E-003
   6.46875000000000       6.988295049087961E-003 -7.088206619930905E-003
   6.50000000000000       6.951693113813500E-003 -7.068929380520288E-003
   6.53125000000000       6.918837382747946E-003 -7.067102468935347E-003
   6.56250000000000       6.899471396828591E-003 -7.061862474385346E-003
   6.59375000000000       6.883271372897752E-003 -7.053622017964075E-003
   6.62500000000000       6.868770647310552E-003 -7.043610008420936E-003
   6.65625000000000       6.855237964706269E-003 -7.032410296354341E-003
   6.68750000000000       6.842123908499466E-003 -7.020393964744507E-003
   6.71875000000000       6.828869629135991E-003 -7.007836677868562E-003
   6.75000000000000       6.814744689166708E-003 -6.994965112374492E-003
   6.78125000000000       6.798554718190652E-003 -6.981976866500456E-003
   6.81250000000000       6.777742946304803E-003 -6.969033612139442E-003
   6.84375000000000       6.740675840746958E-003 -6.955960653823689E-003
   6.87500000000000       6.702844527141336E-003 -6.991589369827344E-003
   6.90625000000000       6.693611552146852E-003 -7.029725524605835E-003
   6.93750000000000       6.698451633010779E-003 -7.068453183600148E-003
   6.96875000000000       6.715027828248009E-003 -7.107678892421500E-003
   7.00000000000000       6.742811695959246E-003 -7.147407638237703E-003
   7.03125000000000       6.782188373485969E-003 -7.187697888480276E-003
   7.06250000000000       6.834346015070905E-003 -7.228661234996662E-003
   7.09375000000000       6.901531232176811E-003 -7.270486352843618E-003
   7.12500000000000       6.987859640914373E-003 -7.313505439881783E-003
   7.15625000000000       7.101849015555928E-003 -7.358397818211829E-003
   7.18750000000000       7.270002776743085E-003 -7.407281839705445E-003
   7.21875000000000       7.529837047308649E-003 -7.321907655075125E-003
   7.25000000000000       7.680210212995608E-003 -7.168466424302387E-003
   7.28125000000000       7.787835531204262E-003 -7.011344194655846E-003
   7.31250000000000       7.867678267509037E-003 -6.851766384698316E-003
   7.34375000000000       7.925576557977139E-003 -6.690219098554445E-003
   7.37500000000000       7.964232459349877E-003 -6.526933889238048E-003
   7.40625000000000       7.984687583175248E-003 -6.362006865151095E-003
   7.43750000000000       7.986733798383378E-003 -6.195431002553993E-003
   7.46875000000000       7.968799015724604E-003 -6.027084508472644E-003
   7.50000000000000       7.927154354391477E-003 -5.856659850261760E-003
   7.53125000000000       7.853052318052250E-003 -5.683407047992208E-003
   7.56250000000000       7.713161531354396E-003 -5.504349146168108E-003
   7.59375000000000       7.510258423133786E-003 -5.481386616971665E-003
   7.62500000000000       7.401760175520609E-003 -5.490946383635125E-003
   7.65625000000000       7.324897670765091E-003 -5.503357066767432E-003
   7.68750000000000       7.267966656195499E-003 -5.517646656819062E-003
   7.71875000000000       7.225955887556056E-003 -5.533445347932552E-003
   7.75000000000000       7.196257618464213E-003 -5.550601022657662E-003
   7.78125000000000       7.177470688993964E-003 -5.569076153361585E-003
   7.81250000000000       7.168969322716399E-003 -5.588915257745416E-003
   7.84375000000000       7.170783299992651E-003 -5.610244036306554E-003
   7.87500000000000       7.183722351255220E-003 -5.633299791992531E-003
   7.90625000000000       7.209978316302783E-003 -5.658533238978731E-003
   7.93750000000000       7.255906186146534E-003 -5.687042437562729E-003
   7.96875000000000       7.348784048287193E-003 -5.691114251863027E-003
   8.00000000000000       7.416697578194782E-003 -5.651267917384929E-003
   8.03125000000000       7.471469386632777E-003 -5.608982422635925E-003
   8.06250000000000       7.520506981416993E-003 -5.565466835291774E-003
   8.09375000000000       7.566601488868410E-003 -5.521213351348891E-003
   8.12500000000000       7.611338189808876E-003 -5.476519704473382E-003
   8.15625000000000       7.655854707494410E-003 -5.431609007470347E-003
   8.18750000000000       7.701140307384131E-003 -5.386678382885745E-003
   8.21875000000000       7.748220184189037E-003 -5.341929482151776E-003
   8.25000000000000       7.798345411468039E-003 -5.297599934862512E-003
   8.28125000000000       7.853309968602316E-003 -5.254015118914805E-003
   8.31250000000000       7.916229402278967E-003 -5.211713368272738E-003
   8.34375000000000       7.994639455438365E-003 -5.171937020197459E-003
   8.37500000000000       8.122462289933427E-003 -5.105756643316829E-003
   8.40625000000000       8.215584721794662E-003 -4.981694616638347E-003
   8.43750000000000       8.284652283075131E-003 -4.853510733013211E-003
   8.46875000000000       8.339189166148233E-003 -4.722813752204157E-003
   8.50000000000000       8.382480879421471E-003 -4.590209865568740E-003
   8.53125000000000       8.416111970876342E-003 -4.456028162076460E-003
   8.56250000000000       8.440897240346103E-003 -4.320473933598115E-003
   8.59375000000000       8.457186060448612E-003 -4.183681587681898E-003
   8.62500000000000       8.464961324652447E-003 -4.045735454423637E-003
   8.65625000000000       8.463826472225431E-003 -3.906675019656127E-003
   8.68750000000000       8.452871652110077E-003 -3.766486544037142E-003
   8.71875000000000       8.430294022336929E-003 -3.625070436943706E-003
   8.75000000000000       8.392222198572243E-003 -3.482132308664288E-003
   8.78125000000000       8.326469827596597E-003 -3.336581653896010E-003
   8.81250000000000       8.213528995940973E-003 -3.252466732253277E-003
   8.84375000000000       8.149488265056187E-003 -3.202109965242256E-003
   8.87500000000000       8.103758645387624E-003 -3.153658729593662E-003
   8.90625000000000       8.069257851766503E-003 -3.106367594084737E-003
   8.93750000000000       8.043228314088737E-003 -3.059933032157507E-003
   8.96875000000000       8.024361369453331E-003 -3.014198949395177E-003
   9.00000000000000       8.012070989194851E-003 -2.969080860196290E-003
   9.03125000000000       8.006246380580648E-003 -2.924538618931087E-003
   9.06250000000000       8.007183512028533E-003 -2.880566648534176E-003
   9.09375000000000       8.015628286411086E-003 -2.837193922921945E-003
   9.12500000000000       8.032951451654726E-003 -2.794493848665149E-003
   9.15625000000000       8.061585991259924E-003 -2.752612344786314E-003
   9.18750000000000       8.106220874908429E-003 -2.711847393702014E-003
   9.21875000000000       8.178460847663683E-003 -2.672965251539950E-003
   9.25000000000000       8.334803829652650E-003 -2.593169240981237E-003
   9.28125000000000       8.431470123594952E-003 -2.405651892664631E-003
   9.31250000000000       8.483242168258527E-003 -2.214789541430837E-003
   9.34375000000000       8.509331075756726E-003 -2.022069805867621E-003
   9.37500000000000       8.515903529599333E-003 -1.828035638272562E-003
   9.40625000000000       8.505856949821804E-003 -1.632989871115583E-003
   9.43750000000000       8.480679698421013E-003 -1.437133536004071E-003
   9.46875000000000       8.441062740260219E-003 -1.240613721782332E-003
   9.50000000000000       8.387133227809668E-003 -1.043544390542240E-003
   9.53125000000000       8.318520213334405E-003 -8.460162432839231E-004
   9.56250000000000       8.234302568459518E-003 -6.481007321067835E-004
   9.59375000000000       8.132810815482111E-003 -4.498492713564229E-004
   9.62500000000000       8.011139288463776E-003 -2.512852246562934E-004
   9.65625000000000       7.863847571789380E-003 -5.237704931577532E-005
   9.68750000000000       7.678177152903456E-003  1.470712724666269E-004
   9.71875000000000       7.386728828962305E-003  3.108516928288492E-004
   9.75000000000000       7.150116336740908E-003  3.277931293272124E-004
   9.78125000000000       6.966722763030804E-003  3.430499392247342E-004
   9.81250000000000       6.807744844957031E-003  3.574390667080814E-004
   9.84375000000000       6.664367974691484E-003  3.712234019917179E-004
   9.87500000000000       6.532172099996792E-003  3.845389077856804E-004
   9.90625000000000       6.408482138578012E-003  3.974692939391304E-004
   9.93750000000000       6.291491263829541E-003  4.100711945173063E-004
   9.96875000000000       6.179880510273090E-003  4.223851684320315E-004
   10.0000000000000       6.072623088260474E-003  4.344412489151856E-004
   11.0000000000000       5.520566443873158E-003  0.000000000000000E+000
   12.0000000000000       5.060519240217062E-003  0.000000000000000E+000
   13.0000000000000       4.671248529431134E-003  0.000000000000000E+000
   14.0000000000000       4.337587920186053E-003  0.000000000000000E+000
   15.0000000000000       4.048415392173649E-003  0.000000000000000E+000
   16.0000000000000       3.795389430162796E-003  0.000000000000000E+000
   17.0000000000000       3.572131228388514E-003  0.000000000000000E+000
   18.0000000000000       3.373679493478041E-003  0.000000000000000E+000
   19.0000000000000       3.196117414873933E-003  0.000000000000000E+000
   20.0000000000000       3.036311544130237E-003  0.000000000000000E+000
   21.0000000000000       2.891725280124035E-003  0.000000000000000E+000
   22.0000000000000       2.760283221936579E-003  0.000000000000000E+000
   23.0000000000000       2.640270907939336E-003  0.000000000000000E+000
   24.0000000000000       2.530259620108531E-003  0.000000000000000E+000
   25.0000000000000       2.429049235304190E-003  0.000000000000000E+000
   26.0000000000000       2.335624264715567E-003  0.000000000000000E+000
   27.0000000000000       2.249119662318694E-003  0.000000000000000E+000
   28.0000000000000       2.168793960093026E-003  0.000000000000000E+000
   29.0000000000000       2.094007961469129E-003  0.000000000000000E+000
   30.0000000000000       2.024207696086825E-003  0.000000000000000E+000
   31.0000000000000       1.958910673632411E-003  0.000000000000000E+000
   32.0000000000000       1.897694715081398E-003  0.000000000000000E+000
   33.0000000000000       1.840188814624386E-003  0.000000000000000E+000
   34.0000000000000       1.786065614194257E-003  0.000000000000000E+000
   35.0000000000000       1.735035168074421E-003  0.000000000000000E+000
   36.0000000000000       1.686839746739021E-003  0.000000000000000E+000
   37.0000000000000       1.641249483313642E-003  0.000000000000000E+000
   38.0000000000000       1.598058707436967E-003  0.000000000000000E+000
   39.0000000000000       1.557082843143711E-003  0.000000000000000E+000
   40.0000000000000       1.518155772065118E-003  0.000000000000000E+000
   41.0000000000000       1.481127582502554E-003  0.000000000000000E+000
   42.0000000000000       1.445862640062018E-003  0.000000000000000E+000
   43.0000000000000       1.412237927502436E-003  0.000000000000000E+000
   44.0000000000000       1.380141610968290E-003  0.000000000000000E+000
   45.0000000000000       1.349471797391217E-003  0.000000000000000E+000
   46.0000000000000       1.320135453969668E-003  0.000000000000000E+000
   47.0000000000000       1.292047465587335E-003  0.000000000000000E+000
   48.0000000000000       1.265129810054265E-003  0.000000000000000E+000
   49.0000000000000       1.239310834338872E-003  0.000000000000000E+000
   50.0000000000000       1.214524617652095E-003  0.000000000000000E+000
   51.0000000000000       1.190710409462838E-003  0.000000000000000E+000
   52.0000000000000       1.167812132357783E-003  0.000000000000000E+000
   53.0000000000000       1.145777941181221E-003  0.000000000000000E+000
   54.0000000000000       1.124559831159347E-003  0.000000000000000E+000
   55.0000000000000       1.104113288774632E-003  0.000000000000000E+000
   56.0000000000000       1.084396980046513E-003  0.000000000000000E+000
   57.0000000000000       1.065372471624644E-003  0.000000000000000E+000
   58.0000000000000       1.047003980734564E-003  0.000000000000000E+000
   59.0000000000000       1.029258150552623E-003  0.000000000000000E+000
   60.0000000000000       1.012103848043412E-003  0.000000000000000E+000
   61.0000000000000       9.955119816820448E-004  0.000000000000000E+000
   62.0000000000000       9.794553368162055E-004  0.000000000000000E+000
   63.0000000000000       9.639084267080117E-004  0.000000000000000E+000
   64.0000000000000       9.488473575406990E-004  0.000000000000000E+000
   65.0000000000000       9.342497058862267E-004  0.000000000000000E+000
   66.0000000000000       9.200944073121930E-004  0.000000000000000E+000
   67.0000000000000       9.063616549642498E-004  0.000000000000000E+000
   68.0000000000000       8.930328070971285E-004  0.000000000000000E+000
   69.0000000000000       8.800903026464455E-004  0.000000000000000E+000
   70.0000000000000       8.675175840372106E-004  0.000000000000000E+000
   71.0000000000000       8.552990265155597E-004  0.000000000000000E+000
   72.0000000000000       8.434198733695103E-004  0.000000000000000E+000
   73.0000000000000       8.318661764740375E-004  0.000000000000000E+000
   74.0000000000000       8.206247416568208E-004  0.000000000000000E+000
   75.0000000000000       8.096830784347298E-004  0.000000000000000E+000
   76.0000000000000       7.990293537184834E-004  0.000000000000000E+000
   77.0000000000000       7.886523491247369E-004  0.000000000000000E+000
   78.0000000000000       7.785414215718557E-004  0.000000000000000E+000
   79.0000000000000       7.686864668684145E-004  0.000000000000000E+000
   80.0000000000000       7.590778860325592E-004  0.000000000000000E+000
   81.0000000000000       7.497065541062313E-004  0.000000000000000E+000
   82.0000000000000       7.405637912512772E-004  0.000000000000000E+000
   83.0000000000000       7.316413359349968E-004  0.000000000000000E+000
   84.0000000000000       7.229313200310088E-004  0.000000000000000E+000
   85.0000000000000       7.144262456777028E-004  0.000000000000000E+000
   86.0000000000000       7.061189637512179E-004  0.000000000000000E+000
   87.0000000000000       6.980026538230430E-004  0.000000000000000E+000
   88.0000000000000       6.900708054841448E-004  0.000000000000000E+000
   89.0000000000000       6.823172009281431E-004  0.000000000000000E+000
   90.0000000000000       6.747358986956083E-004  0.000000000000000E+000
   91.0000000000000       6.673212184901620E-004  0.000000000000000E+000
   92.0000000000000       6.600677269848341E-004  0.000000000000000E+000
   93.0000000000000       6.529702245441370E-004  0.000000000000000E+000
   94.0000000000000       6.460237327936675E-004  0.000000000000000E+000
   95.0000000000000       6.392234829747868E-004  0.000000000000000E+000
   96.0000000000000       6.325649050271327E-004  0.000000000000000E+000
   97.0000000000000       6.260436173464406E-004  0.000000000000000E+000
   98.0000000000000       6.196554171694361E-004  0.000000000000000E+000
   99.0000000000000       6.133962715414621E-004  0.000000000000000E+000
   100.000000000000       6.072623088260474E-004  0.000000000000000E+000
   101.000000000000       6.012498107188588E-004  0.000000000000000E+000
   102.000000000000       5.953552047314190E-004  0.000000000000000E+000
   103.000000000000       5.895750571126674E-004  0.000000000000000E+000
   104.000000000000       5.839060661788917E-004  0.000000000000000E+000
   105.000000000000       5.783450560248070E-004  0.000000000000000E+000
   106.000000000000       5.728889705906107E-004  0.000000000000000E+000
   107.000000000000       5.675348680617265E-004  0.000000000000000E+000
   108.000000000000       5.622799155796735E-004  0.000000000000000E+000
   109.000000000000       5.571213842440802E-004  0.000000000000000E+000
   110.000000000000       5.520566443873158E-004  0.000000000000000E+000
   111.000000000000       5.470831611045472E-004  0.000000000000000E+000
   112.000000000000       5.421984900232566E-004  0.000000000000000E+000
   113.000000000000       5.374002732973871E-004  0.000000000000000E+000
   114.000000000000       5.326862358123222E-004  0.000000000000000E+000
   115.000000000000       5.280541815878673E-004  0.000000000000000E+000
   116.000000000000       5.235019903672822E-004  0.000000000000000E+000
   117.000000000000       5.190276143812371E-004  0.000000000000000E+000
   118.000000000000       5.146290752763113E-004  0.000000000000000E+000
   119.000000000000       5.103044611983592E-004  0.000000000000000E+000
   120.000000000000       5.060519240217061E-004  0.000000000000000E+000
   121.000000000000       5.018696767157417E-004  0.000000000000000E+000
   122.000000000000       4.977559908410224E-004  0.000000000000000E+000
   123.000000000000       4.937091941675182E-004  0.000000000000000E+000
   124.000000000000       4.897276684081028E-004  0.000000000000000E+000
   125.000000000000       4.858098470608379E-004  0.000000000000000E+000
   126.000000000000       4.819542133540058E-004  0.000000000000000E+000
   127.000000000000       4.781592982882263E-004  0.000000000000000E+000
   128.000000000000       4.744236787703495E-004  0.000000000000000E+000
   129.000000000000       4.707459758341453E-004  0.000000000000000E+000
   130.000000000000       4.671248529431134E-004  0.000000000000000E+000
   131.000000000000       4.635590143710286E-004  0.000000000000000E+000
   132.000000000000       4.600472036560965E-004  0.000000000000000E+000
   133.000000000000       4.565882021248476E-004  0.000000000000000E+000
   134.000000000000       4.531808274821249E-004  0.000000000000000E+000
   135.000000000000       4.498239324637388E-004  0.000000000000000E+000
   136.000000000000       4.465164035485642E-004  0.000000000000000E+000
   137.000000000000       4.432571597270419E-004  0.000000000000000E+000
   138.000000000000       4.400451513232227E-004  0.000000000000000E+000
   139.000000000000       4.368793588676600E-004  0.000000000000000E+000
   140.000000000000       4.337587920186053E-004  0.000000000000000E+000
   141.000000000000       4.306824885291116E-004  0.000000000000000E+000
   142.000000000000       4.276495132577799E-004  0.000000000000000E+000
   143.000000000000       4.246589572210122E-004  0.000000000000000E+000
   144.000000000000       4.217099366847551E-004  0.000000000000000E+000
   145.000000000000       4.188015922938258E-004  0.000000000000000E+000
   146.000000000000       4.159330882370188E-004  0.000000000000000E+000
   147.000000000000       4.131036114462907E-004  0.000000000000000E+000
   148.000000000000       4.103123708284104E-004  0.000000000000000E+000
   149.000000000000       4.075585965275486E-004  0.000000000000000E+000
   150.000000000000       4.048415392173649E-004  0.000000000000000E+000
   151.000000000000       4.021604694212234E-004  0.000000000000000E+000
   152.000000000000       3.995146768592417E-004  0.000000000000000E+000
   153.000000000000       3.969034698209460E-004  0.000000000000000E+000
   154.000000000000       3.943261745623684E-004  0.000000000000000E+000
   155.000000000000       3.917821347264822E-004  0.000000000000000E+000
   156.000000000000       3.892707107859278E-004  0.000000000000000E+000
   157.000000000000       3.867912795070365E-004  0.000000000000000E+000
   158.000000000000       3.843432334342072E-004  0.000000000000000E+000
   159.000000000000       3.819259803937405E-004  0.000000000000000E+000
   160.000000000000       3.795389430162796E-004  0.000000000000000E+000
   161.000000000000       3.771815582770481E-004  0.000000000000000E+000
   162.000000000000       3.748532770531157E-004  0.000000000000000E+000
   163.000000000000       3.725535636969616E-004  0.000000000000000E+000
   164.000000000000       3.702818956256386E-004  0.000000000000000E+000
   165.000000000000       3.680377629248772E-004  0.000000000000000E+000
   166.000000000000       3.658206679674984E-004  0.000000000000000E+000
   167.000000000000       3.636301250455373E-004  0.000000000000000E+000
   168.000000000000       3.614656600155044E-004  0.000000000000000E+000
   169.000000000000       3.593268099562411E-004  0.000000000000000E+000
   170.000000000000       3.572131228388514E-004  0.000000000000000E+000
   171.000000000000       3.551241572082148E-004  0.000000000000000E+000
   172.000000000000       3.530594818756089E-004  0.000000000000000E+000
   173.000000000000       3.510186756219927E-004  0.000000000000000E+000
   174.000000000000       3.490013269115215E-004  0.000000000000000E+000
   175.000000000000       3.470070336148842E-004  0.000000000000000E+000
   176.000000000000       3.450354027420724E-004  0.000000000000000E+000
   177.000000000000       3.430860501842076E-004  0.000000000000000E+000
   178.000000000000       3.411586004640716E-004  0.000000000000000E+000
   179.000000000000       3.392526864949986E-004  0.000000000000000E+000
   180.000000000000       3.373679493478041E-004  0.000000000000000E+000
   181.000000000000       3.355040380254405E-004  0.000000000000000E+000
   182.000000000000       3.336606092450810E-004  0.000000000000000E+000
   183.000000000000       3.318373272273483E-004  0.000000000000000E+000
   184.000000000000       3.300338634924170E-004  0.000000000000000E+000
   185.000000000000       3.282498966627283E-004  0.000000000000000E+000
   186.000000000000       3.264851122720685E-004  0.000000000000000E+000
   187.000000000000       3.247392025807740E-004  0.000000000000000E+000
   188.000000000000       3.230118663968337E-004  0.000000000000000E+000
   189.000000000000       3.213028089026706E-004  0.000000000000000E+000
   190.000000000000       3.196117414873934E-004  0.000000000000000E+000
   191.000000000000       3.179383815843180E-004  0.000000000000000E+000
   192.000000000000       3.162824525135664E-004  0.000000000000000E+000
   193.000000000000       3.146436833295582E-004  0.000000000000000E+000
   194.000000000000       3.130218086732203E-004  0.000000000000000E+000
   195.000000000000       3.114165686287423E-004  0.000000000000000E+000
   196.000000000000       3.098277085847181E-004  0.000000000000000E+000
   197.000000000000       3.082549790995165E-004  0.000000000000000E+000
   198.000000000000       3.066981357707310E-004  0.000000000000000E+000
   199.000000000000       3.051569391085665E-004  0.000000000000000E+000
   200.000000000000       3.036311544130237E-004  0.000000000000000E+000
   201.000000000000       3.021205516547499E-004  0.000000000000000E+000
   202.000000000000       3.006249053594294E-004  0.000000000000000E+000
   203.000000000000       2.991439944955899E-004  0.000000000000000E+000
   204.000000000000       2.976776023657095E-004  0.000000000000000E+000
   205.000000000000       2.962255165005109E-004  0.000000000000000E+000
   206.000000000000       2.947875285563337E-004  0.000000000000000E+000
   207.000000000000       2.933634342154818E-004  0.000000000000000E+000
   208.000000000000       2.919530330894459E-004  0.000000000000000E+000
   209.000000000000       2.905561286249031E-004  0.000000000000000E+000
   210.000000000000       2.891725280124035E-004  0.000000000000000E+000
   211.000000000000       2.878020420976528E-004  0.000000000000000E+000
   212.000000000000       2.864444852953054E-004  0.000000000000000E+000
   213.000000000000       2.850996755051865E-004  0.000000000000000E+000
   214.000000000000       2.837674340308633E-004  0.000000000000000E+000
   215.000000000000       2.824475855004871E-004  0.000000000000000E+000
   216.000000000000       2.811399577898368E-004  0.000000000000000E+000
   217.000000000000       2.798443819474873E-004  0.000000000000000E+000
   218.000000000000       2.785606921220401E-004  0.000000000000000E+000
   219.000000000000       2.772887254913459E-004  0.000000000000000E+000
   220.000000000000       2.760283221936579E-004  0.000000000000000E+000
   221.000000000000       2.747793252606550E-004  0.000000000000000E+000
   222.000000000000       2.735415805522736E-004  0.000000000000000E+000
   223.000000000000       2.723149366932948E-004  0.000000000000000E+000
   224.000000000000       2.710992450116283E-004  0.000000000000000E+000
   225.000000000000       2.698943594782433E-004  0.000000000000000E+000
   226.000000000000       2.687001366486935E-004  0.000000000000000E+000
   227.000000000000       2.675164356061883E-004  0.000000000000000E+000
   228.000000000000       2.663431179061611E-004  0.000000000000000E+000
   229.000000000000       2.651800475222914E-004  0.000000000000000E+000
   230.000000000000       2.640270907939336E-004  0.000000000000000E+000
   231.000000000000       2.628841163749123E-004  0.000000000000000E+000
   232.000000000000       2.617509951836411E-004  0.000000000000000E+000
   233.000000000000       2.606276003545268E-004  0.000000000000000E+000
   234.000000000000       2.595138071906186E-004  0.000000000000000E+000
   235.000000000000       2.584094931174670E-004  0.000000000000000E+000
   236.000000000000       2.573145376381556E-004  0.000000000000000E+000
   237.000000000000       2.562288222894715E-004  0.000000000000000E+000
   238.000000000000       2.551522305991796E-004  0.000000000000000E+000
   239.000000000000       2.540846480443713E-004  0.000000000000000E+000
   240.000000000000       2.530259620108531E-004  0.000000000000000E+000
   241.000000000000       2.519760617535466E-004  0.000000000000000E+000
   242.000000000000       2.509348383578708E-004  0.000000000000000E+000
   243.000000000000       2.499021847020771E-004  0.000000000000000E+000
   244.000000000000       2.488779954205112E-004  0.000000000000000E+000
   245.000000000000       2.478621668677744E-004  0.000000000000000E+000
   246.000000000000       2.468545970837591E-004  0.000000000000000E+000
   247.000000000000       2.458551857595334E-004  0.000000000000000E+000
   248.000000000000       2.448638342040514E-004  0.000000000000000E+000
   249.000000000000       2.438804453116656E-004  0.000000000000000E+000
   250.000000000000       2.429049235304189E-004  0.000000000000000E+000
   251.000000000000       2.419371748310946E-004  0.000000000000000E+000
   252.000000000000       2.409771066770029E-004  0.000000000000000E+000
   253.000000000000       2.400246279944851E-004  0.000000000000000E+000
   254.000000000000       2.390796491441131E-004  0.000000000000000E+000
   255.000000000000       2.381420818925676E-004  0.000000000000000E+000
   256.000000000000       2.372118393851748E-004  0.000000000000000E+000
   257.000000000000       2.362888361190846E-004  0.000000000000000E+000
   258.000000000000       2.353729879170726E-004  0.000000000000000E+000
   259.000000000000       2.344642119019488E-004  0.000000000000000E+000
   260.000000000000       2.335624264715567E-004  0.000000000000000E+000
   261.000000000000       2.326675512743477E-004  0.000000000000000E+000
   262.000000000000       2.317795071855143E-004  0.000000000000000E+000
   263.000000000000       2.308982162836682E-004  0.000000000000000E+000
   264.000000000000       2.300236018280482E-004  0.000000000000000E+000
   265.000000000000       2.291555882362443E-004  0.000000000000000E+000
   266.000000000000       2.282941010624238E-004  0.000000000000000E+000
   267.000000000000       2.274390669760477E-004  0.000000000000000E+000
   268.000000000000       2.265904137410624E-004  0.000000000000000E+000
   269.000000000000       2.257480701955567E-004  0.000000000000000E+000
   270.000000000000       2.249119662318694E-004  0.000000000000000E+000
   271.000000000000       2.240820327771393E-004  0.000000000000000E+000
   272.000000000000       2.232582017742821E-004  0.000000000000000E+000
   273.000000000000       2.224404061633873E-004  0.000000000000000E+000
   274.000000000000       2.216285798635209E-004  0.000000000000000E+000
   275.000000000000       2.208226577549263E-004  0.000000000000000E+000
   276.000000000000       2.200225756616114E-004  0.000000000000000E+000
   277.000000000000       2.192282703343131E-004  0.000000000000000E+000
   278.000000000000       2.184396794338300E-004  0.000000000000000E+000
   279.000000000000       2.176567415147123E-004  0.000000000000000E+000
   280.000000000000       2.168793960093026E-004  0.000000000000000E+000
   281.000000000000       2.161075832121165E-004  0.000000000000000E+000
   282.000000000000       2.153412442645558E-004  0.000000000000000E+000
   283.000000000000       2.145803211399461E-004  0.000000000000000E+000
   284.000000000000       2.138247566288899E-004  0.000000000000000E+000
   285.000000000000       2.130744943249289E-004  0.000000000000000E+000
   286.000000000000       2.123294786105061E-004  0.000000000000000E+000
   287.000000000000       2.115896546432221E-004  0.000000000000000E+000
   288.000000000000       2.108549683423776E-004  0.000000000000000E+000
   289.000000000000       2.101253663757949E-004  0.000000000000000E+000
   290.000000000000       2.094007961469129E-004  0.000000000000000E+000
   291.000000000000       2.086812057821469E-004  0.000000000000000E+000
   292.000000000000       2.079665441185094E-004  0.000000000000000E+000
   293.000000000000       2.072567606914837E-004  0.000000000000000E+000
   294.000000000000       2.065518057231454E-004  0.000000000000000E+000
   295.000000000000       2.058516301105245E-004  0.000000000000000E+000
   296.000000000000       2.051561854142052E-004  0.000000000000000E+000
   297.000000000000       2.044654238471540E-004  0.000000000000000E+000
   298.000000000000       2.037792982637743E-004  0.000000000000000E+000
   299.000000000000       2.030977621491797E-004  0.000000000000000E+000
   300.000000000000       2.024207696086825E-004  0.000000000000000E+000
   301.000000000000       2.017482753574908E-004  0.000000000000000E+000
   302.000000000000       2.010802347106117E-004  0.000000000000000E+000
   303.000000000000       2.004166035729529E-004  0.000000000000000E+000
   304.000000000000       1.997573384296208E-004  0.000000000000000E+000
   305.000000000000       1.991023963364090E-004  0.000000000000000E+000
   306.000000000000       1.984517349104730E-004  0.000000000000000E+000
   307.000000000000       1.978053123211881E-004  0.000000000000000E+000
   308.000000000000       1.971630872811842E-004  0.000000000000000E+000
   309.000000000000       1.965250190375558E-004  0.000000000000000E+000
   310.000000000000       1.958910673632411E-004  0.000000000000000E+000
