  0.000000000000000E+000  -1.83810423660115      -1.440581388312159E-017
  7.812500000000000E-003  -1.83850570109404      -1.907921566747990E-003
  1.562500000000000E-002  -1.83929135423564      -4.033338245667946E-003
  2.343750000000000E-002  -1.84080275265210      -6.169783066554683E-003
  3.125000000000000E-002  -1.84243468164944      -7.988619270158351E-003
  3.906250000000000E-002  -1.84554234890568      -8.984962685430120E-003
  4.687500000000000E-002  -1.85087066128029      -9.844732941100305E-003
  5.468750000000000E-002  -1.86116606332410      -8.834054840858358E-003
  6.250000000000000E-002  -1.88519415955528      -1.336127420073975E-002
  7.031250000000000E-002  -1.67547357688140      -8.144225547149543E-002
  7.812500000000000E-002  -1.87165646124193      -7.882517201376314E-002
  8.593750000000000E-002  -1.89778827623944      -0.288051014912703     
  9.375000000000000E-002  -1.79708735549300      -1.021209831854550E-002
  0.101562500000000       -1.84535845233532      -2.175989332207752E-002
  0.109375000000000       -1.86425233758232      -3.215432525480629E-002
  0.117187500000000       -1.87982230493454      -4.608989483970486E-002
  0.125000000000000       -1.89363382682057      -6.062841195773669E-002
  0.132812500000000       -1.90419226756200      -8.296961770016091E-002
  0.140625000000000       -1.91391350774427      -0.112068179126072     
  0.148437500000000       -1.90385518433495      -0.151975689113038     
  0.156250000000000       -1.86265975899886      -0.190753953208252     
  0.164062500000000       -1.82662196901323      -0.163869124673077     
  0.171875000000000       -1.81513316918725      -0.157523027252629     
  0.179687500000000       -1.80602910227580      -0.138411553514924     
  0.187500000000000       -1.81150231312603      -0.130863183726381     
  0.195312500000000       -1.81560388877979      -0.126754906362780     
  0.203125000000000       -1.82178953647468      -0.126671332223179     
  0.210937500000000       -1.82599861183668      -0.128648759546484     
  0.218750000000000       -1.83084431270580      -0.133559422812901     
  0.226562500000000       -1.83089574068395      -0.140222766557716     
  0.234375000000000       -1.82719569315947      -0.146437236612348     
  0.242187500000000       -1.82108575763681      -0.144755271514425     
  0.250000000000000       -1.81867474425740      -0.141941229990013     
  0.257812500000000       -1.81763682872887      -0.135074478577147     
  0.265625000000000       -1.82456119882891      -0.130898597272957     
  0.273437500000000       -1.82882457296323      -0.128671384015956     
  0.281250000000000       -1.83277918282264      -0.122087623470209     
  0.289062500000000       -1.84646093209158      -0.119296969797639     
  0.296875000000000       -1.85679691960007      -0.119373398346105     
  0.304687500000000       -1.86801320690516      -0.116816335015453     
  0.312500000000000       -1.88638536773942      -0.120201411774204     
  0.320312500000000       -1.90072527887854      -0.127141449245408     
  0.328125000000000       -1.91464644157252      -0.134653417245327     
  0.335937500000000       -1.92823968765374      -0.145471042271501     
  0.343750000000000       -1.93964320620145      -0.155753283689641     
  0.351562500000000       -1.95181802662467      -0.165623455195650     
  0.359375000000000       -1.96709429522138      -0.177322672890974     
  0.367187500000000       -1.98122195794061      -0.192625473248491     
  0.375000000000000       -1.99618382602996      -0.210422467875289     
  0.382812500000000       -2.01144786029284      -0.235104454673577     
  0.390625000000000       -2.01335592256767      -0.263115049551198     
  0.398437500000000       -2.01676122028391      -0.284922685123485     
  0.406250000000000       -2.02071517303156      -0.309788142504876     
  0.414062500000000       -2.01761330963811      -0.341974378440099     
  0.421875000000000       -2.00649425539580      -0.358730669951828     
  0.429687500000000       -2.00268012148657      -0.376343602328448     
  0.437500000000000       -1.99880564575371      -0.396596701294485     
  0.445312500000000       -1.99052971629543      -0.416964625892218     
  0.453125000000000       -1.98592256791730      -0.434393554776192     
  0.460937500000000       -1.98132724210321      -0.456589739270328     
  0.468750000000000       -1.97331207865136      -0.483686501561922     
  0.476562500000000       -1.95420103674939      -0.515778173864619     
  0.484375000000000       -1.92871604714825      -0.531354253611322     
  0.492187500000000       -1.90733678409684      -0.550536750608524     
  0.500000000000000       -1.87879085154475      -0.572564454739553     
  0.507812500000000       -1.83358003480292      -0.592388560134002     
  0.515625000000000       -1.77543494461318      -0.574237781320440     
  0.523437500000000       -1.74826892204391      -0.544108173767382     
  0.531250000000000       -1.73296589771686      -0.519226991992774     
  0.539062500000000       -1.72118108188063      -0.496016009944277     
  0.546875000000000       -1.71485807789838      -0.466590724096503     
  0.554687500000000       -1.72462302173072      -0.448822018158221     
  0.562500000000000       -1.72882011775464      -0.438256651569989     
  0.570312500000000       -1.72944251055574      -0.428074959977071     
  0.578125000000000       -1.72787505944960      -0.414123737189880     
  0.585937500000000       -1.73321613491744      -0.388044962715953     
  0.593750000000000       -1.75365334018583      -0.374634329534264     
  0.601562500000000       -1.77162249883620      -0.368040498249396     
  0.609375000000000       -1.78854984784778      -0.364455751525679     
  0.617187500000000       -1.80560242898259      -0.362997258863565     
  0.625000000000000       -1.82432456033067      -0.366575150034647     
  0.632812500000000       -1.83663022742891      -0.373146011077163     
  0.640625000000000       -1.84725870946230      -0.378485037430429     
  0.648437500000000       -1.85726930024112      -0.383192675247651     
  0.656250000000000       -1.86737193503582      -0.387339309102317     
  0.664062500000000       -1.87923651629952      -0.391030264774585     
  0.671875000000000       -1.89105525482083      -0.399615760713119     
  0.679687500000000       -1.89974235067108      -0.407831042616603     
  0.687500000000000       -1.90698982113436      -0.415058642131562     
  0.695312500000000       -1.91338980317887      -0.420602283936190     
  0.703125000000000       -1.91998670971859      -0.423079771315718     
  0.710937500000000       -1.93444865932209      -0.422697618764770     
  0.718750000000000       -1.94939139816682      -0.430784655930184     
  0.726562500000000       -1.96199559859261      -0.439815917470724     
  0.734375000000000       -1.97366615524576      -0.448865965573525     
  0.742187500000000       -1.98494851096184      -0.457739338945412     
  0.750000000000000       -1.99572593212387      -0.465613861247637     
  0.757812500000000       -2.01179172724107      -0.471156864309800     
  0.765625000000000       -2.02902248215626      -0.483046304149325     
  0.773437500000000       -2.04491738628846      -0.496963030445069     
  0.781250000000000       -2.06008668799517      -0.512109364429428     
  0.789062500000000       -2.07509826958914      -0.528320404008536     
  0.796875000000000       -2.09115332883106      -0.546102110529901     
  0.804687500000000       -2.10598506369825      -0.572485378014694     
  0.812500000000000       -2.11184717259913      -0.597061544474988     
  0.820312500000000       -2.11517603876873      -0.619497721176386     
  0.828125000000000       -2.11571836671406      -0.640254278384329     
  0.835937500000000       -2.11238926560786      -0.658396585074907     
  0.843750000000000       -2.10298071933103      -0.670515852470054     
  0.851562500000000       -2.08693170039916      -0.654237153892835     
  0.859375000000000       -2.11889017390322      -0.637705541256234     
  0.867187500000000       -2.15287016066154      -0.639601818808761     
  0.875000000000000       -2.18784282672208      -0.648942464058467     
  0.882812500000000       -2.22486461050494      -0.663080519911104     
  0.890625000000000       -2.26595664987422      -0.681196785258939     
  0.898437500000000       -2.31617688132341      -0.704004800524678     
  0.906250000000000       -2.38226184660367      -0.759339530144751     
  0.914062500000000       -2.41482317812600      -0.827107393879992     
  0.921875000000000       -2.44242082324249      -0.893431877045446     
  0.929687500000000       -2.46747907380880      -0.965150950645897     
  0.937500000000000       -2.48872466028773       -1.04724058320350     
  0.945312500000000       -2.50108770091271       -1.14581084369171     
  0.953125000000000       -2.48864448151068       -1.26945624031114     
  0.960937500000000       -2.38437590180172       -1.37612032124517     
  0.968750000000000       -2.31934298739735       -1.39983038511284     
  0.976562500000000       -2.27794016667363       -1.42872491452632     
  0.984375000000000       -2.24393584154331       -1.46265284826977     
  0.992187500000000       -2.21121578337250       -1.50110295308087     
   1.00000000000000       -2.17555077343007       -1.54309908669002     
   1.00781250000000       -2.13271593668028       -1.58616212765168     
   1.01562500000000       -2.07746091774544       -1.62147333870771     
   1.02343750000000       -2.03772965611125       -1.63885648240767     
   1.03125000000000       -2.00253349026419       -1.66931137089499     
   1.03906250000000       -1.96208610106173       -1.70560723045027     
   1.04687500000000       -1.91314417999514       -1.74451620897806     
   1.05468750000000       -1.85283778856132       -1.78282208592565     
   1.06250000000000       -1.77782019142529       -1.81597349673207     
   1.07031250000000       -1.68322908224653       -1.83548792458393     
   1.07812500000000       -1.56116412326157       -1.80177411806001     
   1.08593750000000       -1.51784725720653       -1.73232562252983     
   1.09375000000000       -1.49516682800987       -1.68651955020912     
   1.10156250000000       -1.48227651901674       -1.65242956356255     
   1.10937500000000       -1.47608903528050       -1.62731159011783     
   1.11718750000000       -1.47518685431698       -1.61036150286872     
   1.12500000000000       -1.47902467985333       -1.60196226642145     
   1.13281250000000       -1.48800120538334       -1.60438789603861     
   1.14062500000000       -1.50604701037467       -1.63004243445914     
   1.14843750000000       -1.47489433182129       -1.67978086952624     
   1.15625000000000       -1.43357365091868       -1.70536606270334     
   1.16406250000000       -1.38845798838552       -1.72196077362574     
   1.17187500000000       -1.34029765979294       -1.73141189338193     
   1.17968750000000       -1.28964722981339       -1.73376297803671     
   1.18750000000000       -1.23722346770655       -1.72820517269140     
   1.19531250000000       -1.18416485369381       -1.71315180746155     
   1.20312500000000       -1.13242832929329       -1.68544750841014     
   1.21093750000000       -1.09908486373667       -1.63500116826932     
   1.21875000000000       -1.08944048403213       -1.60398250701560     
   1.22656250000000       -1.07871675402278       -1.58230677563926     
   1.23437500000000       -1.06699260189052       -1.56487599189897     
   1.24218750000000       -1.05436852168583       -1.54979631196633     
   1.25000000000000       -1.04091041229628       -1.53601477755143     
   1.25781250000000       -1.02665008826799       -1.52274844176663     
   1.26562500000000       -1.01164107007556       -1.50915480559973     
   1.27343750000000      -0.996277478352432       -1.49380347928588     
   1.28125000000000      -0.986362022686260       -1.47524144869084     
   1.28906250000000      -0.978125905728284       -1.46419519451140     
   1.29687500000000      -0.967005275179381       -1.45455888080596     
   1.30468750000000      -0.953919171857068       -1.44472118880824     
   1.31250000000000      -0.939432767110736       -1.43386577699010     
   1.32031250000000      -0.924076623477599       -1.42139864811354     
   1.32812500000000      -0.908450367298240       -1.40681934497500     
   1.33593750000000      -0.893323432750090       -1.38966624943554     
   1.34375000000000      -0.879852776167110       -1.36944454944460     
   1.35156250000000      -0.870860460899238       -1.34505478682807     
   1.35937500000000      -0.870953823625791       -1.32780719085055     
   1.36718750000000      -0.866313569471034       -1.31430642304439     
   1.37500000000000      -0.859810751221374       -1.30057519279180     
   1.38281250000000      -0.852344433056773       -1.28581935159371     
   1.39062500000000      -0.844513228576223       -1.26953630406294     
   1.39843750000000      -0.836858683034208       -1.25129718591383     
   1.40625000000000      -0.829970702289916       -1.23064796540804     
   1.41406250000000      -0.824601410581063       -1.20698364306215     
   1.42187500000000      -0.821941328640538       -1.17918468677576     
   1.42968750000000      -0.825620715391662       -1.14244000706810     
   1.43750000000000      -0.852951218414042       -1.11755673330873     
   1.44531250000000      -0.874189944815707       -1.10483399942195     
   1.45312500000000      -0.892803715697732       -1.09622316715923     
   1.46093750000000      -0.909833111568693       -1.09023098175665     
   1.46875000000000      -0.925878524215707       -1.08623438650730     
   1.47656250000000      -0.941389672567004       -1.08397213046898     
   1.48437500000000      -0.956776712871297       -1.08341886332540     
   1.49218750000000      -0.972497087202934       -1.08479670970435     
   1.50000000000000      -0.989206410060914       -1.08876191525161     
   1.50781250000000       -1.00833596705818       -1.09738427965819     
   1.51562500000000       -1.02227483576662       -1.12224143181687     
   1.52343750000000       -1.02085881009908       -1.14189378732581     
   1.53125000000000       -1.01620303376640       -1.15732530876761     
   1.53906250000000       -1.00920495209942       -1.17005571635389     
   1.54687500000000       -1.00022707267223       -1.18047217828901     
   1.55468750000000      -0.989489828920038       -1.18859676093263     
   1.56250000000000      -0.977166734820467       -1.19423531363013     
   1.57031250000000      -0.963418527341011       -1.19697351138649     
   1.57812500000000      -0.948409744733006       -1.19600660026320     
   1.58593750000000      -0.932441904787757       -1.18944304924655     
   1.59375000000000      -0.917762473790338       -1.17112095167261     
   1.60156250000000      -0.936660568362517       -1.14417923563986     
   1.60937500000000      -0.962987504308112       -1.15666669615921     
   1.61718750000000      -0.961934200166324       -1.19137721804701     
   1.62500000000000      -0.929557756257315       -1.21179087947424     
   1.63281250000000      -0.894078138140925       -1.20659277411591     
   1.64062500000000      -0.867954988403843       -1.18832353457842     
   1.64843750000000      -0.850202632460877       -1.16516988273191     
   1.65625000000000      -0.838353921378848       -1.13956466879845     
   1.66406250000000      -0.831137091454923       -1.11158347114407     
   1.67187500000000      -0.828541224310221       -1.08032939316566     
   1.67968750000000      -0.832183684771764       -1.04388080517012     
   1.68750000000000      -0.854489032635154      -0.995992202457752     
   1.69531250000000      -0.896583899961381      -0.979886442292160     
   1.70312500000000      -0.928311634192955      -0.973542854732814     
   1.71093750000000      -0.955694960908177      -0.970966936128932     
   1.71875000000000      -0.980526266607793      -0.970549312736419     
   1.72656250000000       -1.00379958433855      -0.971528418378385     
   1.73437500000000       -1.02621849175561      -0.973471982356689     
   1.74218750000000       -1.04837877736672      -0.976112300939914     
   1.75000000000000       -1.07087377347379      -0.979280432171868     
   1.75781250000000       -1.09439708096075      -0.982881771880167     
   1.76562500000000       -1.11991398416728      -0.986904206137766     
   1.77343750000000       -1.14912774472140      -0.991504263809915     
   1.78125000000000       -1.18822565412665      -0.998112313813390     
   1.78906250000000       -1.22679196944063       -1.02416639025061     
   1.79687500000000       -1.25980545926237       -1.05350689999060     
   1.80468750000000       -1.29054230023991       -1.08762217130195     
   1.81250000000000       -1.31883920675347       -1.12755165502264     
   1.82031250000000       -1.34349623791535       -1.17426418785123     
   1.82812500000000       -1.36232346177858       -1.22836775573145     
   1.83593750000000       -1.37213938335114       -1.28949705713953     
   1.84375000000000       -1.36920717656477       -1.35541184446059     
   1.85156250000000       -1.35057894663737       -1.42125640378294     
   1.85937500000000       -1.31625406576691       -1.48004657793579     
   1.86718750000000       -1.27070664901525       -1.52517339787491     
   1.87500000000000       -1.22197384426763       -1.55386188891133     
   1.88281250000000       -1.17463810877918       -1.56988832077661     
   1.89062500000000       -1.13885465217785       -1.56997921044470     
   1.89843750000000       -1.11663131112247       -1.57102921420132     
   1.90625000000000       -1.10117457828550       -1.57669623409216     
   1.91406250000000       -1.08846201405796       -1.58730262074900     
   1.92187500000000       -1.07599339374864       -1.60227311949731     
   1.92968750000000       -1.06214452631984       -1.62080234804216     
   1.93750000000000       -1.04578591344419       -1.64205448922695     
   1.94531250000000       -1.02605760319206       -1.66519872815625     
   1.95312500000000       -1.00223297120245       -1.68938153556921     
   1.96093750000000      -0.973624004133065       -1.71366723368246     
   1.96875000000000      -0.939472956265851       -1.73694074490760     
   1.97656250000000      -0.898653105015855       -1.75768948996711     
   1.98437500000000      -0.846275400445623       -1.77206897982175     
   1.99218750000000      -0.801069313734894       -1.76535228645742     
   2.00000000000000      -0.762847656628416       -1.75970692583173     
   2.00781250000000      -0.726822404995180       -1.75317527863475     
   2.01562500000000      -0.692031182643739       -1.74521321556167     
   2.02343750000000      -0.658113111933222       -1.73546323518054     
   2.03125000000000      -0.624950945067124       -1.72361942804979     
   2.03906250000000      -0.592568495493335       -1.70938383001913     
   2.04687500000000      -0.561095991749802       -1.69244232875593     
   2.05468750000000      -0.530763894696718       -1.67244106996872     
   2.06250000000000      -0.501917416282890       -1.64894999408161     
   2.07031250000000      -0.475060508683257       -1.62138905327715     
   2.07812500000000      -0.450970286172026       -1.58884293416514     
   2.08593750000000      -0.431073593673822       -1.54941995817888     
   2.09375000000000      -0.422457496871558       -1.49349603385230     
   2.10156250000000      -0.447053674538697       -1.45874661528396     
   2.10937500000000      -0.464481166063069       -1.43859773330230     
   2.11718750000000      -0.478920573304087       -1.42419268226103     
   2.12500000000000      -0.491468132718377       -1.41339215844855     
   2.13281250000000      -0.502689154089452       -1.40519499017554     
   2.14062500000000      -0.512943010471631       -1.39903839691497     
   2.14843750000000      -0.522488116286386       -1.39458051188566     
   2.15625000000000      -0.531528540150524       -1.39161166863219     
   2.16406250000000      -0.540239941152303       -1.39001443860027     
   2.17187500000000      -0.548788028084893       -1.38974823450049     
   2.17968750000000      -0.557346858241735       -1.39085269910420     
   2.18750000000000      -0.566125823973315       -1.39347756734962     
   2.19531250000000      -0.575429043007244       -1.39797960710887     
   2.20312500000000      -0.585869863721044       -1.40532305533909     
   2.21093750000000      -0.595598813092985       -1.42172555575249     
   2.21875000000000      -0.595091886212298       -1.43768541710502     
   2.22656250000000      -0.592539460691155       -1.45126924027167     
   2.23437500000000      -0.588758511884459       -1.46370818417440     
   2.24218750000000      -0.584092190827922       -1.47542887507879     
   2.25000000000000      -0.578757048908294       -1.48667003524526     
   2.25781250000000      -0.572917403130762       -1.49760572313002     
   2.26562500000000      -0.566713539172837       -1.50839140898027     
   2.27343750000000      -0.560276351560449       -1.51919002260916     
   2.28125000000000      -0.553737473979199       -1.53019426912644     
   2.28906250000000      -0.547238825130805       -1.54165421541429     
   2.29687500000000      -0.540944716190062       -1.55392135718882     
   2.30468750000000      -0.535061567027624       -1.56753345428241     
   2.31250000000000      -0.529878266064186       -1.58341268357655     
   2.32031250000000      -0.525877348059140       -1.60348970377620     
   2.32812500000000      -0.524395112834374       -1.63538439658854     
   2.33593750000000      -0.493671571260041       -1.67674371544753     
   2.34375000000000      -0.457262744153275       -1.70309497725056     
   2.35156250000000      -0.418031875841532       -1.72329010270627     
   2.35937500000000      -0.376282588920877       -1.73853073530016     
   2.36718750000000      -0.332246816889977       -1.74909616675959     
   2.37500000000000      -0.286168109439348       -1.75492034503589     
   2.38281250000000      -0.238338446514358       -1.75575647274709     
   2.39062500000000      -0.189124676285503       -1.75124283903804     
   2.39843750000000      -0.138993353657813       -1.74093487930674     
   2.40625000000000      -8.853791707788193E-002  -1.72432210023023     
   2.41406250000000      -3.851207998192553E-002  -1.70083419681148     
   2.42187500000000       1.012334567977590E-002  -1.66983176170667     
   2.42968750000000       5.612218282870365E-002  -1.63056235891497     
   2.43750000000000       9.778851210366063E-002  -1.58201849864718     
   2.44531250000000       0.132505369425047       -1.52243039706815     
   2.45312500000000       0.154160118833498       -1.44607778882784     
   2.46093750000000       0.125910612558290       -1.37681735306062     
   2.46875000000000       0.103277201485735       -1.34045235956941     
   2.47656250000000       8.587022290716909E-002  -1.31212456476376     
   2.48437500000000       7.140802663891543E-002  -1.28828747438924     
   2.49218750000000       5.889684596810460E-002  -1.26741108557529     
   2.50000000000000       4.777122158661228E-002  -1.24864259477769     
   2.53125000000000       1.100496657232878E-002  -1.18590155072066     
   2.56250000000000      -2.264289527618387E-002  -1.13144493109574     
   2.59375000000000      -8.312330251540655E-002  -1.07536269923556     
   2.62500000000000      -0.150324587932624       -1.08340119256489     
   2.65625000000000      -0.191885367449765       -1.11159374818639     
   2.68750000000000      -0.215432812646458       -1.15630119815796     
   2.71875000000000      -0.214899681628970       -1.22815363399870     
   2.75000000000000      -0.118209509619253       -1.28202329153146     
   2.78125000000000      -3.810708197519611E-002  -1.26362666259594     
   2.81250000000000       2.449069950032621E-002  -1.22242016887603     
   2.84375000000000       6.982459844340638E-002  -1.16307898835384     
   2.87500000000000       8.179188940946744E-002  -1.08187974903521     
   2.90625000000000       6.184249989019112E-002  -1.04326536107026     
   2.93750000000000       5.343745814218115E-002  -1.01249362339715     
   2.96875000000000       4.577532622443906E-002 -0.982588892829752     
   3.00000000000000       3.466944681478230E-002 -0.951794837686191     
   3.03125000000000       8.140994560242506E-003 -0.920692833925100     
   3.06250000000000      -1.787220237983278E-002 -0.916297997962563     
   3.09375000000000      -3.408193751305043E-002 -0.914263075356724     
   3.12500000000000      -4.634733270529079E-002 -0.912772334985035     
   3.15625000000000      -5.694805729344633E-002 -0.911052340692939     
   3.18750000000000      -6.918229650444208E-002 -0.907059665367892     
   3.21875000000000      -8.888669553535804E-002 -0.914564731725394     
   3.25000000000000      -0.100645004619220      -0.928458016490417     
   3.28125000000000      -0.108026947292499      -0.945739432207286     
   3.31250000000000      -0.111510578396659      -0.967151516473413     
   3.34375000000000      -0.109794268401201      -0.995952964094531     
   3.37500000000000      -8.166088359747670E-002  -1.03002121214203     
   3.40625000000000      -4.928474290640537E-002  -1.03999076963369     
   3.43750000000000      -2.018635097446637E-002  -1.04304664505440     
   3.46875000000000       6.941644789495952E-003  -1.04166853835206     
   3.50000000000000       3.233311321663083E-002  -1.03681482476026     
   3.53125000000000       5.580120981682991E-002  -1.02889430040394     
   3.56250000000000       7.583334245690954E-002  -1.01980422984421     
   3.59375000000000       9.533812171084674E-002  -1.01070266029661     
   3.62500000000000       0.114270451063858       -1.00075451867812     
   3.65625000000000       0.132636374040739      -0.990096183863566     
   3.68750000000000       0.150667913249970      -0.979147782707443     
   3.71875000000000       0.169621134390430      -0.969409108598081     
   3.75000000000000       0.195535004218279      -0.953565627198852     
   3.78125000000000       0.216528842339932      -0.930739816081715     
   3.81250000000000       0.233532387274623      -0.904435999803936     
   3.84375000000000       0.246209208737765      -0.875053127191813     
   3.87500000000000       0.253476843301373      -0.842527691742991     
   3.90625000000000       0.252239165495719      -0.805856677600257     
   3.93750000000000       0.228681547217320      -0.778732841570840     
   3.96875000000000       0.213792185044652      -0.769687092851497     
   4.00000000000000       0.204029085540387      -0.763324653666212     
   4.03125000000000       0.197050159226591      -0.758517995274431     
   4.06250000000000       0.191959540817303      -0.754923044036190     
   4.09375000000000       0.188345219958292      -0.752536237804022     
   4.12500000000000       0.186361154433786      -0.752248798198480     
   4.15625000000000       0.188636248924130      -0.750989146122444     
   4.18750000000000       0.191142440531398      -0.748517641133101     
   4.21875000000000       0.194045911167444      -0.745667077643507     
   4.25000000000000       0.197316071786568      -0.742622410590909     
   4.28125000000000       0.200911526136563      -0.739484533159450     
   4.31250000000000       0.204783928860237      -0.736340486954207     
   4.34375000000000       0.208764737632163      -0.733388759622124     
   4.37500000000000       0.213559110102382      -0.731075669055793     
   4.40625000000000       0.219180342461356      -0.728756435151402     
   4.43750000000000       0.225569159398627      -0.726543173748560     
   4.46875000000000       0.232881783162632      -0.724575081579610     
   4.50000000000000       0.241485481615529      -0.723068814544835     
   4.53125000000000       0.252233565197470      -0.722448139015596     
   4.56250000000000       0.268261809690555      -0.724119136602850     
   4.59375000000000       0.296103114813723      -0.712112914769330     
   4.62500000000000       0.313838620576344      -0.691475030161526     
   4.65625000000000       0.326472960833688      -0.668517888433757     
   4.68750000000000       0.334878813042944      -0.643837571988110     
   4.71875000000000       0.339070275034768      -0.617684562723197     
   4.75000000000000       0.338465531401428      -0.590129496505964     
   4.78125000000000       0.331307126634904      -0.560965733349868     
   4.81250000000000       0.306386144432927      -0.533473652835115     
   4.84375000000000       0.284487568553727      -0.530634965587044     
   4.87500000000000       0.270844148087329      -0.529808690444170     
   4.90625000000000       0.261025646083069      -0.529899755264200     
   4.93750000000000       0.253771240387606      -0.530617263087188     
   4.96875000000000       0.248540251778631      -0.531853593594133     
   5.00000000000000       0.245142812464167      -0.533594193256223     
   5.03125000000000       0.243761140195232      -0.535930386872795     
   5.06250000000000       0.246750449714832      -0.538357901254340     
   5.09375000000000       0.249927302791004      -0.535648956923278     
   5.12500000000000       0.251852604955515      -0.532593762094195     
   5.15625000000000       0.253428033319014      -0.529469253452682     
   5.18750000000000       0.254913127728412      -0.526379492260951     
   5.21875000000000       0.256457115976195      -0.523404859472293     
   5.25000000000000       0.258203615407326      -0.520640712101129     
   5.28125000000000       0.260382231914767      -0.518249010718617     
   5.31250000000000       0.263694780163216      -0.516706373816709     
   5.34375000000000       0.270748571566826      -0.512702893675225     
   5.37500000000000       0.275817050786799      -0.505817761795459     
   5.40625000000000       0.279691542825682      -0.498118525840312     
   5.43750000000000       0.282580663621988      -0.489851652511421     
   5.46875000000000       0.284511534714293      -0.481140641822303     
   5.50000000000000       0.285421388417159      -0.472064104579717     
   5.53125000000000       0.285145553403357      -0.462673142678172     
   5.56250000000000       0.283296722764769      -0.452981256481753     
   5.59375000000000       0.278238748006150      -0.442788085058925     
   5.62500000000000       0.270662603534661      -0.439757829022131     
   5.65625000000000       0.266845419067259      -0.437905265027411     
   5.68750000000000       0.264373140285251      -0.436309985802881     
   5.71875000000000       0.262813762863711      -0.434901214419373     
   5.75000000000000       0.262013204821040      -0.433664332015687     
   5.78125000000000       0.261945782405936      -0.432613392556882     
   5.81250000000000       0.262700548355519      -0.431792800008721     
   5.84375000000000       0.264564588113546      -0.431305540234483     
   5.87500000000000       0.268541622729014      -0.431472941690552     
   5.90625000000000       0.277701815555158      -0.427129678270296     
   5.93750000000000       0.282796988398551      -0.418499385739074     
   5.96875000000000       0.285807814972998      -0.409209878090944     
   6.00000000000000       0.287291296477297      -0.399473553605937     
   6.03125000000000       0.287392505700280      -0.389375797600892     
   6.06250000000000       0.286087641337911      -0.378954928212051     
   6.09375000000000       0.283212107755199      -0.368217576410101     
   6.12500000000000       0.278393216813219      -0.357131530898577     
   6.15625000000000       0.270764615604679      -0.345577964642978     
   6.18750000000000       0.256708686065326      -0.332939700173836     
   6.21875000000000       0.237247132013165      -0.336014356991982     
   6.25000000000000       0.226555255042048      -0.341830792534375     
   6.28125000000000       0.219157220799259      -0.348225911256933     
   6.31250000000000       0.214055386901544      -0.355045627729388     
   6.34375000000000       0.210863343414183      -0.362248038332048     
   6.37500000000000       0.209451491948036      -0.369841235074842     
   6.40625000000000       0.209871218781434      -0.377873840058476     
   6.43750000000000       0.212388384738598      -0.386449689316612     
   6.46875000000000       0.217692187624766      -0.395788964993396     
   6.50000000000000       0.228110084543035      -0.406562943881644     
   6.53125000000000       0.249285997099302      -0.406929155112599     
   6.56250000000000       0.262168660599293      -0.399518800466428     
   6.59375000000000       0.271564879315865      -0.391074931291637     
   6.62500000000000       0.278725384909941      -0.381977313157390     
   6.65625000000000       0.284125674300905      -0.372391110042365     
   6.68750000000000       0.287975305884719      -0.362408794910682     
   6.71875000000000       0.290339498226411      -0.352086629699921     
   6.75000000000000       0.291164081611890      -0.341456182441045     
   6.78125000000000       0.290235433398324      -0.330522979678037     
   6.81250000000000       0.286984059075088      -0.319241506387396     
   6.84375000000000       0.278693337717523      -0.307252200719702     
   6.87500000000000       0.267685738980620      -0.306264553260617     
   6.90625000000000       0.261830355857925      -0.306324690627321     
   6.93750000000000       0.257754684827759      -0.306643006093835     
   6.96875000000000       0.254819688892037      -0.307124467024420     
   7.00000000000000       0.252750735006245      -0.307729759970361     
   7.03125000000000       0.251412893284362      -0.308440794800795     
   7.06250000000000       0.250748175382474      -0.309251192577000     
   7.09375000000000       0.250758573125791      -0.310163822831596     
   7.12500000000000       0.251517507953268      -0.311192745499577     
   7.15625000000000       0.253235851352485      -0.312373662965596     
   7.18750000000000       0.256645566907392      -0.313823569333580     
   7.21875000000000       0.263100537234886      -0.311670523453577     
   7.25000000000000       0.266706410496529      -0.307366793331493     
   7.28125000000000       0.269213256843761      -0.302887596872872     
   7.31250000000000       0.271035097315974      -0.298301071779891     
   7.34375000000000       0.272331454599258      -0.293635351404821     
   7.37500000000000       0.273176378374958      -0.288905186560142     
   7.40625000000000       0.273600501468002      -0.284118790711780     
   7.43750000000000       0.273603796373093      -0.279280171631065     
   7.46875000000000       0.273155046235604      -0.274389602862098     
   7.50000000000000       0.272176171518858      -0.269442355246932     
   7.53125000000000       0.270482797565778      -0.264422871820434     
   7.56250000000000       0.267374828417903      -0.259262442221388     
   7.59375000000000       0.262865788890305      -0.257361771142511     
   7.62500000000000       0.260292980743184      -0.256169276358214     
   7.65625000000000       0.258341860289339      -0.255042108037030     
   7.68750000000000       0.256759521910715      -0.253955015515870     
   7.71875000000000       0.255431209076166      -0.252897327844442     
   7.75000000000000       0.254289532523661      -0.251863405833396     
   7.78125000000000       0.253287940495380      -0.250849909791482     
   7.81250000000000       0.252389143590626      -0.249854665675568     
   7.84375000000000       0.251557719978843      -0.248876016315636     
   7.87500000000000       0.250752009353684      -0.247912202386637     
   7.90625000000000       0.249907618930764      -0.246960152004591     
   7.93750000000000       0.248872926817349      -0.246010441290613     
   7.96875000000000       0.247076923805154      -0.245747977776415     
   8.00000000000000       0.246222090071044      -0.246480044618838     
   8.03125000000000       0.245952809940331      -0.247258214221329     
   8.06250000000000       0.246097032298473      -0.248072871422423     
   8.09375000000000       0.246601467287493      -0.248923897448620     
   8.12500000000000       0.247450260877410      -0.249814257839909     
   8.15625000000000       0.248648800715325      -0.250749013109790     
   8.18750000000000       0.250220453710160      -0.251735439061361     
   8.21875000000000       0.252209355544946      -0.252783815769571     
   8.25000000000000       0.254689856577650      -0.253909178041483     
   8.28125000000000       0.257789505669530      -0.255135221842719     
   8.31250000000000       0.261752339239806      -0.256504741387676     
   8.34375000000000       0.267198212915023      -0.258121695002797     
   8.37500000000000       0.276981317912606      -0.257557856792062     
   8.40625000000000       0.284018132497906      -0.252133250514745     
   8.43750000000000       0.289179722901597      -0.246377644001942     
   8.46875000000000       0.293261572387505      -0.240428895106665     
   8.50000000000000       0.296535587345182      -0.234338564387040     
   8.53125000000000       0.299131831264787      -0.228134517880401     
   8.56250000000000       0.301116867904534      -0.221834175994773     
   8.59375000000000       0.302519473928697      -0.215449126127914     
   8.62500000000000       0.303339260711605      -0.208987007963654     
   8.65625000000000       0.303546208309464      -0.202452134948779     
   8.68750000000000       0.303070745432122      -0.195845112268261     
   8.71875000000000       0.301774978670021      -0.189160799782647     
   8.75000000000000       0.299363224701031      -0.182381160990313     
   8.78125000000000       0.294906000455220      -0.175434874131754     
   8.81250000000000       0.286973986380928      -0.173222414535077     
   8.84375000000000       0.282870488612779      -0.173541542978404     
   8.87500000000000       0.280225657548179      -0.173988871364869     
   8.90625000000000       0.278493768812139      -0.174516374844454     
   8.93750000000000       0.277460146243092      -0.175105684041573     
   8.96875000000000       0.277020476971552      -0.175748304245223     
   9.00000000000000       0.277124720982287      -0.176440633101398     
   9.03125000000000       0.277757534494952      -0.177182259710462     
   9.06250000000000       0.278932050643134      -0.177975477476889     
   9.09375000000000       0.280691510445010      -0.178825537138939     
   9.12500000000000       0.283119487181107      -0.179741750307089     
   9.15625000000000       0.286366553822095      -0.180740261274408     
   9.18750000000000       0.290723722059100      -0.181851588770388     
   9.21875000000000       0.296909396358061      -0.183149900701269     
   9.25000000000000       0.308498655872533      -0.182121833763734     
   9.28125000000000       0.316806559390652      -0.174346560379414     
   9.31250000000000       0.322513911801784      -0.166259872680380     
   9.34375000000000       0.326798101970092      -0.157999377645708     
   9.37500000000000       0.330043947689283      -0.149616655996932     
   9.40625000000000       0.332440058586952      -0.141141135738414     
   9.43750000000000       0.334092711582354      -0.132592824516374     
   9.46875000000000       0.335064063135106      -0.123986799765182     
   9.50000000000000       0.335387931424826      -0.115335235703537     
   9.53125000000000       0.335076353318966      -0.106648461323372     
   9.56250000000000       0.334120816009517      -9.793556085605698E-002
   9.59375000000000       0.332488410688422      -8.920471060381464E-002
   9.62500000000000       0.330109423911553      -8.046328523051866E-002
   9.65625000000000       0.326842229642331      -7.171751964827255E-002
   9.68750000000000       0.322341756632934      -6.297018994745388E-002
   9.71875000000000       0.314750304440832      -5.523590141194435E-002
   9.75000000000000       0.308546989845450      -5.159971791894542E-002
   9.78125000000000       0.303691751980081      -4.801907016440096E-002
   9.81250000000000       0.299382759675726      -4.446816693675615E-002
   9.84375000000000       0.295373524460322      -4.093870770430634E-002
   9.87500000000000       0.291538793632954      -3.742650846248389E-002
   9.90625000000000       0.287800534448085      -3.392911296839832E-002
   9.93750000000000       0.284103201023374      -3.044497707937457E-002
   9.96875000000000       0.280402671944262      -2.697311008277870E-002
   10.0000000000000       0.276660067861677      -2.351289408869264E-002
   11.0000000000000       0.251509152601525       0.000000000000000E+000
   12.0000000000000       0.230550056551398       0.000000000000000E+000
   13.0000000000000       0.212815436816675       0.000000000000000E+000
   14.0000000000000       0.197614334186912       0.000000000000000E+000
   15.0000000000000       0.184440045241118       0.000000000000000E+000
   16.0000000000000       0.172912542413548       0.000000000000000E+000
   17.0000000000000       0.162741216389222       0.000000000000000E+000
   18.0000000000000       0.153700037700932       0.000000000000000E+000
   19.0000000000000       0.145610562032462       0.000000000000000E+000
   20.0000000000000       0.138330033930839       0.000000000000000E+000
   21.0000000000000       0.131742889457941       0.000000000000000E+000
   22.0000000000000       0.125754576300762       0.000000000000000E+000
   23.0000000000000       0.120286986026816       0.000000000000000E+000
   24.0000000000000       0.115275028275699       0.000000000000000E+000
   25.0000000000000       0.110664027144671       0.000000000000000E+000
   26.0000000000000       0.106407718408337       0.000000000000000E+000
   27.0000000000000       0.102466691800621       0.000000000000000E+000
   28.0000000000000       9.880716709345608E-002  0.000000000000000E+000
   29.0000000000000       9.540002340057828E-002  0.000000000000000E+000
   30.0000000000000       9.222002262055901E-002  0.000000000000000E+000
   31.0000000000000       8.924518318118614E-002  0.000000000000000E+000
   32.0000000000000       8.645627120677407E-002  0.000000000000000E+000
   33.0000000000000       8.383638420050819E-002  0.000000000000000E+000
   34.0000000000000       8.137060819461089E-002  0.000000000000000E+000
   35.0000000000000       7.904573367476486E-002  0.000000000000000E+000
   36.0000000000000       7.685001885046584E-002  0.000000000000000E+000
   37.0000000000000       7.477299131396677E-002  0.000000000000000E+000
   38.0000000000000       7.280528101623079E-002  0.000000000000000E+000
   39.0000000000000       7.093847893889155E-002  0.000000000000000E+000
   40.0000000000000       6.916501696541925E-002  0.000000000000000E+000
   41.0000000000000       6.747806533211635E-002  0.000000000000000E+000
   42.0000000000000       6.587144472897072E-002  0.000000000000000E+000
   43.0000000000000       6.433955066550628E-002  0.000000000000000E+000
   44.0000000000000       6.287728815038114E-002  0.000000000000000E+000
   45.0000000000000       6.148001508037267E-002  0.000000000000000E+000
   46.0000000000000       6.014349301340805E-002  0.000000000000000E+000
   47.0000000000000       5.886384422588873E-002  0.000000000000000E+000
   48.0000000000000       5.763751413784938E-002  0.000000000000000E+000
   49.0000000000000       5.646123833911776E-002  0.000000000000000E+000
   50.0000000000000       5.533201357233541E-002  0.000000000000000E+000
   51.0000000000000       5.424707212974059E-002  0.000000000000000E+000
   52.0000000000000       5.320385920416866E-002  0.000000000000000E+000
   53.0000000000000       5.220001280409001E-002  0.000000000000000E+000
   54.0000000000000       5.123334590031056E-002  0.000000000000000E+000
   55.0000000000000       5.030183052030492E-002  0.000000000000000E+000
   56.0000000000000       4.940358354672804E-002  0.000000000000000E+000
   57.0000000000000       4.853685401082053E-002  0.000000000000000E+000
   58.0000000000000       4.770001170028914E-002  0.000000000000000E+000
   59.0000000000000       4.689153692570797E-002  0.000000000000000E+000
   60.0000000000000       4.611001131027950E-002  0.000000000000000E+000
   61.0000000000000       4.535410948552082E-002  0.000000000000000E+000
   62.0000000000000       4.462259159059307E-002  0.000000000000000E+000
   63.0000000000000       4.391429648598048E-002  0.000000000000000E+000
   64.0000000000000       4.322813560338704E-002  0.000000000000000E+000
   65.0000000000000       4.256308736333492E-002  0.000000000000000E+000
   66.0000000000000       4.191819210025410E-002  0.000000000000000E+000
   67.0000000000000       4.129254744204135E-002  0.000000000000000E+000
   68.0000000000000       4.068530409730545E-002  0.000000000000000E+000
   69.0000000000000       4.009566200893870E-002  0.000000000000000E+000
   70.0000000000000       3.952286683738243E-002  0.000000000000000E+000
   71.0000000000000       3.896620674108127E-002  0.000000000000000E+000
   72.0000000000000       3.842500942523292E-002  0.000000000000000E+000
   73.0000000000000       3.789863943310644E-002  0.000000000000000E+000
   74.0000000000000       3.738649565698338E-002  0.000000000000000E+000
   75.0000000000000       3.688800904822361E-002  0.000000000000000E+000
   76.0000000000000       3.640264050811540E-002  0.000000000000000E+000
   77.0000000000000       3.592987894307494E-002  0.000000000000000E+000
   78.0000000000000       3.546923946944577E-002  0.000000000000000E+000
   79.0000000000000       3.502026175464266E-002  0.000000000000000E+000
   80.0000000000000       3.458250848270963E-002  0.000000000000000E+000
   81.0000000000000       3.415556393354038E-002  0.000000000000000E+000
   82.0000000000000       3.373903266605818E-002  0.000000000000000E+000
   83.0000000000000       3.333253829658760E-002  0.000000000000000E+000
   84.0000000000000       3.293572236448536E-002  0.000000000000000E+000
   85.0000000000000       3.254824327784436E-002  0.000000000000000E+000
   86.0000000000000       3.216977533275314E-002  0.000000000000000E+000
   87.0000000000000       3.180000780019276E-002  0.000000000000000E+000
   88.0000000000000       3.143864407519057E-002  0.000000000000000E+000
   89.0000000000000       3.108540088333450E-002  0.000000000000000E+000
   90.0000000000000       3.074000754018634E-002  0.000000000000000E+000
   91.0000000000000       3.040220525952495E-002  0.000000000000000E+000
   92.0000000000000       3.007174650670403E-002  0.000000000000000E+000
   93.0000000000000       2.974839439372871E-002  0.000000000000000E+000
   94.0000000000000       2.943192211294436E-002  0.000000000000000E+000
   95.0000000000000       2.912211240649232E-002  0.000000000000000E+000
   96.0000000000000       2.881875706892469E-002  0.000000000000000E+000
   97.0000000000000       2.852165648058526E-002  0.000000000000000E+000
   98.0000000000000       2.823061916955888E-002  0.000000000000000E+000
   99.0000000000000       2.794546140016940E-002  0.000000000000000E+000
   100.000000000000       2.766600678616770E-002  0.000000000000000E+000
   101.000000000000       2.739208592689871E-002  0.000000000000000E+000
   102.000000000000       2.712353606487030E-002  0.000000000000000E+000
   103.000000000000       2.686020076326961E-002  0.000000000000000E+000
   104.000000000000       2.660192960208433E-002  0.000000000000000E+000
   105.000000000000       2.634857789158829E-002  0.000000000000000E+000
   106.000000000000       2.610000640204500E-002  0.000000000000000E+000
   107.000000000000       2.585608110856795E-002  0.000000000000000E+000
   108.000000000000       2.561667295015528E-002  0.000000000000000E+000
   109.000000000000       2.538165760198872E-002  0.000000000000000E+000
   110.000000000000       2.515091526015246E-002  0.000000000000000E+000
   111.000000000000       2.492433043798892E-002  0.000000000000000E+000
   112.000000000000       2.470179177336402E-002  0.000000000000000E+000
   113.000000000000       2.448319184616611E-002  0.000000000000000E+000
   114.000000000000       2.426842700541026E-002  0.000000000000000E+000
   115.000000000000       2.405739720536322E-002  0.000000000000000E+000
   116.000000000000       2.385000585014457E-002  0.000000000000000E+000
   117.000000000000       2.364615964629718E-002  0.000000000000000E+000
   118.000000000000       2.344576846285399E-002  0.000000000000000E+000
   119.000000000000       2.324874519846025E-002  0.000000000000000E+000
   120.000000000000       2.305500565513975E-002  0.000000000000000E+000
   121.000000000000       2.286446841832042E-002  0.000000000000000E+000
   122.000000000000       2.267705474276041E-002  0.000000000000000E+000
   123.000000000000       2.249268844403878E-002  0.000000000000000E+000
   124.000000000000       2.231129579529654E-002  0.000000000000000E+000
   125.000000000000       2.213280542893416E-002  0.000000000000000E+000
   126.000000000000       2.195714824299024E-002  0.000000000000000E+000
   127.000000000000       2.178425731194307E-002  0.000000000000000E+000
   128.000000000000       2.161406780169352E-002  0.000000000000000E+000
   129.000000000000       2.144651688850209E-002  0.000000000000000E+000
   130.000000000000       2.128154368166746E-002  0.000000000000000E+000
   131.000000000000       2.111908914974634E-002  0.000000000000000E+000
   132.000000000000       2.095909605012705E-002  0.000000000000000E+000
   133.000000000000       2.080150886178023E-002  0.000000000000000E+000
   134.000000000000       2.064627372102067E-002  0.000000000000000E+000
   135.000000000000       2.049333836012423E-002  0.000000000000000E+000
   136.000000000000       2.034265204865272E-002  0.000000000000000E+000
   137.000000000000       2.019416553734869E-002  0.000000000000000E+000
   138.000000000000       2.004783100446935E-002  0.000000000000000E+000
   139.000000000000       1.990360200443720E-002  0.000000000000000E+000
   140.000000000000       1.976143341869122E-002  0.000000000000000E+000
   141.000000000000       1.962128140862958E-002  0.000000000000000E+000
   142.000000000000       1.948310337054063E-002  0.000000000000000E+000
   143.000000000000       1.934685789242497E-002  0.000000000000000E+000
   144.000000000000       1.921250471261646E-002  0.000000000000000E+000
   145.000000000000       1.908000468011566E-002  0.000000000000000E+000
   146.000000000000       1.894931971655322E-002  0.000000000000000E+000
   147.000000000000       1.882041277970592E-002  0.000000000000000E+000
   148.000000000000       1.869324782849169E-002  0.000000000000000E+000
   149.000000000000       1.856778978937430E-002  0.000000000000000E+000
   150.000000000000       1.844400452411180E-002  0.000000000000000E+000
   151.000000000000       1.832185879878656E-002  0.000000000000000E+000
   152.000000000000       1.820132025405770E-002  0.000000000000000E+000
   153.000000000000       1.808235737658020E-002  0.000000000000000E+000
   154.000000000000       1.796493947153747E-002  0.000000000000000E+000
   155.000000000000       1.784903663623723E-002  0.000000000000000E+000
   156.000000000000       1.773461973472289E-002  0.000000000000000E+000
   157.000000000000       1.762166037335523E-002  0.000000000000000E+000
   158.000000000000       1.751013087732133E-002  0.000000000000000E+000
   159.000000000000       1.740000426803000E-002  0.000000000000000E+000
   160.000000000000       1.729125424135481E-002  0.000000000000000E+000
   161.000000000000       1.718385514668801E-002  0.000000000000000E+000
   162.000000000000       1.707778196677019E-002  0.000000000000000E+000
   163.000000000000       1.697301029826239E-002  0.000000000000000E+000
   164.000000000000       1.686951633302909E-002  0.000000000000000E+000
   165.000000000000       1.676727684010164E-002  0.000000000000000E+000
   166.000000000000       1.666626914829380E-002  0.000000000000000E+000
   167.000000000000       1.656647112944174E-002  0.000000000000000E+000
   168.000000000000       1.646786118224268E-002  0.000000000000000E+000
   169.000000000000       1.637041821666728E-002  0.000000000000000E+000
   170.000000000000       1.627412163892218E-002  0.000000000000000E+000
   171.000000000000       1.617895133694018E-002  0.000000000000000E+000
   172.000000000000       1.608488766637657E-002  0.000000000000000E+000
   173.000000000000       1.599191143709116E-002  0.000000000000000E+000
   174.000000000000       1.590000390009638E-002  0.000000000000000E+000
   175.000000000000       1.580914673495297E-002  0.000000000000000E+000
   176.000000000000       1.571932203759529E-002  0.000000000000000E+000
   177.000000000000       1.563051230856932E-002  0.000000000000000E+000
   178.000000000000       1.554270044166725E-002  0.000000000000000E+000
   179.000000000000       1.545586971294285E-002  0.000000000000000E+000
   180.000000000000       1.537000377009317E-002  0.000000000000000E+000
   181.000000000000       1.528508662219210E-002  0.000000000000000E+000
   182.000000000000       1.520110262976247E-002  0.000000000000000E+000
   183.000000000000       1.511803649517361E-002  0.000000000000000E+000
   184.000000000000       1.503587325335201E-002  0.000000000000000E+000
   185.000000000000       1.495459826279335E-002  0.000000000000000E+000
   186.000000000000       1.487419719686436E-002  0.000000000000000E+000
   187.000000000000       1.479465603538380E-002  0.000000000000000E+000
   188.000000000000       1.471596105647218E-002  0.000000000000000E+000
   189.000000000000       1.463809882866016E-002  0.000000000000000E+000
   190.000000000000       1.456105620324616E-002  0.000000000000000E+000
   191.000000000000       1.448482030689409E-002  0.000000000000000E+000
   192.000000000000       1.440937853446234E-002  0.000000000000000E+000
   193.000000000000       1.433471854205580E-002  0.000000000000000E+000
   194.000000000000       1.426082824029263E-002  0.000000000000000E+000
   195.000000000000       1.418769578777831E-002  0.000000000000000E+000
   196.000000000000       1.411530958477944E-002  0.000000000000000E+000
   197.000000000000       1.404365826709020E-002  0.000000000000000E+000
   198.000000000000       1.397273070008470E-002  0.000000000000000E+000
   199.000000000000       1.390251597294859E-002  0.000000000000000E+000
   200.000000000000       1.383300339308385E-002  0.000000000000000E+000
   201.000000000000       1.376418248068045E-002  0.000000000000000E+000
   202.000000000000       1.369604296344936E-002  0.000000000000000E+000
   203.000000000000       1.362857477151118E-002  0.000000000000000E+000
   204.000000000000       1.356176803243515E-002  0.000000000000000E+000
   205.000000000000       1.349561306642327E-002  0.000000000000000E+000
   206.000000000000       1.343010038163481E-002  0.000000000000000E+000
   207.000000000000       1.336522066964623E-002  0.000000000000000E+000
   208.000000000000       1.330096480104217E-002  0.000000000000000E+000
   209.000000000000       1.323732382113287E-002  0.000000000000000E+000
   210.000000000000       1.317428894579414E-002  0.000000000000000E+000
   211.000000000000       1.311185155742545E-002  0.000000000000000E+000
   212.000000000000       1.305000320102250E-002  0.000000000000000E+000
   213.000000000000       1.298873558036042E-002  0.000000000000000E+000
   214.000000000000       1.292804055428397E-002  0.000000000000000E+000
   215.000000000000       1.286791013310126E-002  0.000000000000000E+000
   216.000000000000       1.280833647507764E-002  0.000000000000000E+000
   217.000000000000       1.274931188302659E-002  0.000000000000000E+000
   218.000000000000       1.269082880099436E-002  0.000000000000000E+000
   219.000000000000       1.263287981103548E-002  0.000000000000000E+000
   220.000000000000       1.257545763007623E-002  0.000000000000000E+000
   221.000000000000       1.251855510686321E-002  0.000000000000000E+000
   222.000000000000       1.246216521899446E-002  0.000000000000000E+000
   223.000000000000       1.240628107003036E-002  0.000000000000000E+000
   224.000000000000       1.235089588668201E-002  0.000000000000000E+000
   225.000000000000       1.229600301607453E-002  0.000000000000000E+000
   226.000000000000       1.224159592308305E-002  0.000000000000000E+000
   227.000000000000       1.218766818773908E-002  0.000000000000000E+000
   228.000000000000       1.213421350270513E-002  0.000000000000000E+000
   229.000000000000       1.208122567081559E-002  0.000000000000000E+000
   230.000000000000       1.202869860268161E-002  0.000000000000000E+000
   231.000000000000       1.197662631435831E-002  0.000000000000000E+000
   232.000000000000       1.192500292507228E-002  0.000000000000000E+000
   233.000000000000       1.187382265500760E-002  0.000000000000000E+000
   234.000000000000       1.182307982314859E-002  0.000000000000000E+000
   235.000000000000       1.177276884517775E-002  0.000000000000000E+000
   236.000000000000       1.172288423142699E-002  0.000000000000000E+000
   237.000000000000       1.167342058488089E-002  0.000000000000000E+000
   238.000000000000       1.162437259923013E-002  0.000000000000000E+000
   239.000000000000       1.157573505697393E-002  0.000000000000000E+000
   240.000000000000       1.152750282756988E-002  0.000000000000000E+000
   241.000000000000       1.147967086562975E-002  0.000000000000000E+000
   242.000000000000       1.143223420916021E-002  0.000000000000000E+000
   243.000000000000       1.138518797784679E-002  0.000000000000000E+000
   244.000000000000       1.133852737138021E-002  0.000000000000000E+000
   245.000000000000       1.129224766782355E-002  0.000000000000000E+000
   246.000000000000       1.124634422201939E-002  0.000000000000000E+000
   247.000000000000       1.120081246403551E-002  0.000000000000000E+000
   248.000000000000       1.115564789764827E-002  0.000000000000000E+000
   249.000000000000       1.111084609886253E-002  0.000000000000000E+000
   250.000000000000       1.106640271446708E-002  0.000000000000000E+000
   251.000000000000       1.102231346062458E-002  0.000000000000000E+000
   252.000000000000       1.097857412149512E-002  0.000000000000000E+000
   253.000000000000       1.093518054789237E-002  0.000000000000000E+000
   254.000000000000       1.089212865597154E-002  0.000000000000000E+000
   255.000000000000       1.084941442594812E-002  0.000000000000000E+000
   256.000000000000       1.080703390084676E-002  0.000000000000000E+000
   257.000000000000       1.076498318527926E-002  0.000000000000000E+000
   258.000000000000       1.072325844425105E-002  0.000000000000000E+000
   259.000000000000       1.068185590199525E-002  0.000000000000000E+000
   260.000000000000       1.064077184083373E-002  0.000000000000000E+000
   261.000000000000       1.060000260006425E-002  0.000000000000000E+000
   262.000000000000       1.055954457487317E-002  0.000000000000000E+000
   263.000000000000       1.051939421527289E-002  0.000000000000000E+000
   264.000000000000       1.047954802506352E-002  0.000000000000000E+000
   265.000000000000       1.044000256081800E-002  0.000000000000000E+000
   266.000000000000       1.040075443089011E-002  0.000000000000000E+000
   267.000000000000       1.036180029444483E-002  0.000000000000000E+000
   268.000000000000       1.032313686051034E-002  0.000000000000000E+000
   269.000000000000       1.028476088705119E-002  0.000000000000000E+000
   270.000000000000       1.024666918006211E-002  0.000000000000000E+000
   271.000000000000       1.020885859268181E-002  0.000000000000000E+000
   272.000000000000       1.017132602432636E-002  0.000000000000000E+000
   273.000000000000       1.013406841984165E-002  0.000000000000000E+000
   274.000000000000       1.009708276867434E-002  0.000000000000000E+000
   275.000000000000       1.006036610406098E-002  0.000000000000000E+000
   276.000000000000       1.002391550223468E-002  0.000000000000000E+000
   277.000000000000       9.987728081648991E-003  0.000000000000000E+000
   278.000000000000       9.951801002218598E-003  0.000000000000000E+000
   279.000000000000       9.916131464576237E-003  0.000000000000000E+000
   280.000000000000       9.880716709345608E-003  0.000000000000000E+000
   281.000000000000       9.845554016429788E-003  0.000000000000000E+000
   282.000000000000       9.810640704314788E-003  0.000000000000000E+000
   283.000000000000       9.775974129387880E-003  0.000000000000000E+000
   284.000000000000       9.741551685270317E-003  0.000000000000000E+000
   285.000000000000       9.707370802164106E-003  0.000000000000000E+000
   286.000000000000       9.673428946212483E-003  0.000000000000000E+000
   287.000000000000       9.639723618873764E-003  0.000000000000000E+000
   288.000000000000       9.606252356308230E-003  0.000000000000000E+000
   289.000000000000       9.573012728777752E-003  0.000000000000000E+000
   290.000000000000       9.540002340057828E-003  0.000000000000000E+000
   291.000000000000       9.507218826861754E-003  0.000000000000000E+000
   292.000000000000       9.474659858276611E-003  0.000000000000000E+000
   293.000000000000       9.442323135210821E-003  0.000000000000000E+000
   294.000000000000       9.410206389852960E-003  0.000000000000000E+000
   295.000000000000       9.378307385141595E-003  0.000000000000000E+000
   296.000000000000       9.346623914245846E-003  0.000000000000000E+000
   297.000000000000       9.315153800056465E-003  0.000000000000000E+000
   298.000000000000       9.283894894687148E-003  0.000000000000000E+000
   299.000000000000       9.252845078985853E-003  0.000000000000000E+000
   300.000000000000       9.222002262055901E-003  0.000000000000000E+000
   301.000000000000       9.191364380786613E-003  0.000000000000000E+000
   302.000000000000       9.160929399393279E-003  0.000000000000000E+000
   303.000000000000       9.130695308966239E-003  0.000000000000000E+000
   304.000000000000       9.100660127028849E-003  0.000000000000000E+000
   305.000000000000       9.070821897104165E-003  0.000000000000000E+000
   306.000000000000       9.041178688290099E-003  0.000000000000000E+000
   307.000000000000       9.011728594842901E-003  0.000000000000000E+000
   308.000000000000       8.982469735768734E-003  0.000000000000000E+000
   309.000000000000       8.953400254423205E-003  0.000000000000000E+000
   310.000000000000       8.924518318118614E-003  0.000000000000000E+000
