  0.000000000000000E+000  -1.80588566442723      -6.112719088341499E-019
  7.812500000000000E-003  -1.80686970886349      -5.959424002765917E-003
  1.562500000000000E-002  -1.80962961673743      -1.228635270503523E-002
  2.343750000000000E-002  -1.81509729748740      -1.857935325510363E-002
  3.125000000000000E-002  -1.82375763744198      -2.551371690952019E-002
  3.906250000000000E-002  -1.83584471063920      -3.474410842699546E-002
  4.687500000000000E-002  -1.85488563063648      -4.706952693279756E-002
  5.468750000000000E-002  -1.88805938697899      -5.728450746140597E-002
  6.250000000000000E-002  -1.96139607227846      -8.582662489437994E-002
  7.031250000000000E-002  -1.46484442530987      -0.292657135298107     
  7.812500000000000E-002  -1.94473983590636      -0.797106996793120     
  8.593750000000000E-002  -1.32006926701415      -0.568257262562198     
  9.375000000000000E-002  -1.39212722705770      -7.858779699612410E-002
  0.101562500000000       -1.56215888871544      -2.265491059455121E-002
  0.109375000000000       -1.62145124020181      -2.660694404234958E-002
  0.117187500000000       -1.65715075533713      -3.743634862360290E-002
  0.125000000000000       -1.67981281116831      -4.586947515979117E-002
  0.132812500000000       -1.69676688784374      -5.832047162648720E-002
  0.140625000000000       -1.70906314004013      -7.319437236998594E-002
  0.148437500000000       -1.70932083531345      -8.689461070584040E-002
  0.156250000000000       -1.70506283220313      -9.823842804520998E-002
  0.164062500000000       -1.70138465519664      -9.218104470311365E-002
  0.171875000000000       -1.70679826053100      -9.374558106871089E-002
  0.179687500000000       -1.70822853302866      -9.305005647230419E-002
  0.187500000000000       -1.71549878712366      -9.315629797725999E-002
  0.195312500000000       -1.72304320011220      -9.593183647599494E-002
  0.203125000000000       -1.72794490518234      -9.923635058522023E-002
  0.210937500000000       -1.73496443414972      -0.100733911847720     
  0.218750000000000       -1.74668267795748      -0.107038048435592     
  0.226562500000000       -1.75137397480907      -0.117191565356912     
  0.234375000000000       -1.75098915416225      -0.126081590531702     
  0.242187500000000       -1.75187087676089      -0.123258451264901     
  0.250000000000000       -1.76027082192438      -0.125022668915385     
  0.257812500000000       -1.76779114322561      -0.131011617714878     
  0.265625000000000       -1.77361696577355      -0.131990905591018     
  0.273437500000000       -1.78633882653194      -0.136318524806890     
  0.281250000000000       -1.79482918187575      -0.152406641359101     
  0.289062500000000       -1.79670948658161      -0.154142379209551     
  0.296875000000000       -1.80622466168202      -0.160187453345107     
  0.304687500000000       -1.81474993274058      -0.174507232706542     
  0.312500000000000       -1.80784113613110      -0.178972574666583     
  0.320312500000000       -1.81262854666869      -0.177460685867374     
  0.328125000000000       -1.82035630243059      -0.177768117693019     
  0.335937500000000       -1.83003837152107      -0.176754998107696     
  0.343750000000000       -1.84326569016633      -0.177064647888120     
  0.351562500000000       -1.85858027489093      -0.178458780489271     
  0.359375000000000       -1.87732136625564      -0.181179973492933     
  0.367187500000000       -1.89755632804079      -0.187254390587456     
  0.375000000000000       -1.92000602654813      -0.196087669356099     
  0.382812500000000       -1.94428635086908      -0.212209532682169     
  0.390625000000000       -1.95361625819001      -0.231068850076680     
  0.398437500000000       -1.96662365651008      -0.239019884022780     
  0.406250000000000       -1.98490609619742      -0.245443722714113     
  0.414062500000000       -2.01058382483931      -0.254786500649374     
  0.421875000000000       -2.02709884266152      -0.267396475148708     
  0.429687500000000       -2.04882021421053      -0.269713810890020     
  0.437500000000000       -2.08059937806103      -0.265372662083863     
  0.445312500000000       -2.14121039903344      -0.255765517064243     
  0.453125000000000       -2.20495591343634      -0.282821223354503     
  0.460937500000000       -2.26730695990032      -0.305251857413650     
  0.468750000000000       -2.34412952720874      -0.324411830512603     
  0.476562500000000       -2.46044485889378      -0.341837549954668     
  0.484375000000000       -2.61463025837845      -0.423726975100829     
  0.492187500000000       -2.78555310526235      -0.538106299042344     
  0.500000000000000       -3.01366317288688      -0.719692867410437     
  0.507812500000000       -3.35809878612683       -1.08636220183206     
  0.515625000000000       -3.37184452765023       -2.20679241162523     
  0.523437500000000       -2.36315700740426       -2.69984739447552     
  0.531250000000000       -1.62576041011695       -2.48865944176766     
  0.539062500000000       -1.28889396269199       -2.14275291230321     
  0.546875000000000       -1.21849802370145       -1.90509935723876     
  0.554687500000000       -1.05954739133015       -1.88613266825202     
  0.562500000000000      -0.815971762467373       -1.76095065413785     
  0.570312500000000      -0.611592492769229       -1.52094904836863     
  0.578125000000000      -0.524948203565621       -1.20727196313052     
  0.585937500000000      -0.618503650287203      -0.905140913824339     
  0.593750000000000      -0.754967746000648      -0.788183178044394     
  0.601562500000000      -0.845662526393408      -0.717659350451126     
  0.609375000000000      -0.915726865609005      -0.666430605294853     
  0.617187500000000      -0.974645141090276      -0.626428310758661     
  0.625000000000000       -1.02988868149898      -0.596707603737732     
  0.632812500000000       -1.07393268941021      -0.578423468598838     
  0.640625000000000       -1.11073363252916      -0.562159908247479     
  0.648437500000000       -1.14360821099274      -0.546871991900940     
  0.656250000000000       -1.17489107939649      -0.531246896849083     
  0.664062500000000       -1.20939318198360      -0.511085182408721     
  0.671875000000000       -1.25876023125847      -0.509011038742414     
  0.679687500000000       -1.29560656918418      -0.516567881458479     
  0.687500000000000       -1.32722465949470      -0.527107205693953     
  0.695312500000000       -1.35601828297332      -0.540380578062236     
  0.703125000000000       -1.38397177422137      -0.557904207162345     
  0.710937500000000       -1.40485243442072      -0.589945800611370     
  0.718750000000000       -1.40932860560324      -0.614389197877464     
  0.726562500000000       -1.41183839982915      -0.633642279534041     
  0.734375000000000       -1.41308874679204      -0.650102615739396     
  0.742187500000000       -1.41330881366848      -0.664622732176448     
  0.750000000000000       -1.41215128756087      -0.676851264352249     
  0.757812500000000       -1.41462843025628      -0.684973951904333     
  0.765625000000000       -1.41849682135723      -0.697301995185193     
  0.773437500000000       -1.42095134021360      -0.710404916023274     
  0.781250000000000       -1.42271677191287      -0.723220796916173     
  0.789062500000000       -1.42504256043398      -0.735195614827529     
  0.796875000000000       -1.43099682835476      -0.746317229851824     
  0.804687500000000       -1.44480629289844      -0.769883821434147     
  0.812500000000000       -1.44456452875927      -0.800255176141722     
  0.820312500000000       -1.43803772160071      -0.829762535033280     
  0.828125000000000       -1.42604467448222      -0.858339177518059     
  0.835937500000000       -1.40829222449026      -0.884818535894042     
  0.843750000000000       -1.38426295508083      -0.906206498792576     
  0.851562500000000       -1.35859758822356      -0.908856141170110     
  0.859375000000000       -1.35891762345533      -0.920915925648594     
  0.867187500000000       -1.35263530336607      -0.946965020436727     
  0.875000000000000       -1.33749657346085      -0.980417317944656     
  0.882812500000000       -1.30995164135635       -1.01833774842661     
  0.890625000000000       -1.26509166819830       -1.05589301746584     
  0.898437500000000       -1.19784674338665       -1.08227794160676     
  0.906250000000000       -1.11966781904384       -1.06646587326194     
  0.914062500000000       -1.07210875602103       -1.03995594923494     
  0.921875000000000       -1.03062479043071       -1.01324549842568     
  0.929687500000000      -0.993157578519496      -0.982728408639323     
  0.937500000000000      -0.960066215420149      -0.946860319571332     
  0.945312500000000      -0.932639770608123      -0.904503125673577     
  0.953125000000000      -0.913302157631071      -0.853701724103547     
  0.960937500000000      -0.919655744977220      -0.791674151548425     
  0.968750000000000      -0.941643158251289      -0.757173873974556     
  0.976562500000000      -0.960377467437407      -0.731873416017525     
  0.984375000000000      -0.978285214589880      -0.711067185952063     
  0.992187500000000      -0.996724636650384      -0.693091974875803     
   1.00000000000000       -1.01712046808761      -0.677238444326968     
   1.00781250000000       -1.04174204388176      -0.663571283561395     
   1.01562500000000       -1.07739710096280      -0.655204608729844     
   1.02343750000000       -1.10649645393578      -0.673428062914321     
   1.03125000000000       -1.12394730650886      -0.689933108759104     
   1.03906250000000       -1.13685270261019      -0.707794583219895     
   1.04687500000000       -1.14552423376819      -0.727500636681388     
   1.05468750000000       -1.14951179638289      -0.748980520290799     
   1.06250000000000       -1.14781304172480      -0.771677667747229     
   1.07031250000000       -1.13872663432067      -0.793907816763106     
   1.07812500000000       -1.12204909570326      -0.807648129203078     
   1.08593750000000       -1.10869935139512      -0.818994716894405     
   1.09375000000000       -1.09282686733793      -0.826286236904124     
   1.10156250000000       -1.07781362314965      -0.829643528230523     
   1.10937500000000       -1.06475996996278      -0.830495230201352     
   1.11718750000000       -1.05401159768106      -0.830151617172979     
   1.12500000000000       -1.04562994841607      -0.829832244150259     
   1.13281250000000       -1.03961230866104      -0.831052660973591     
   1.14062500000000       -1.03600363666944      -0.838297600817251     
   1.14843750000000       -1.01880748622575      -0.847625733764729     
   1.15625000000000       -1.00185986973032      -0.850039955324465     
   1.16406250000000      -0.984975540991478      -0.849945773596635     
   1.17187500000000      -0.967942041766813      -0.847675186591713     
   1.17968750000000      -0.950797016847561      -0.843021892771201     
   1.18750000000000      -0.933850120551411      -0.835521110171937     
   1.19531250000000      -0.917783406834172      -0.824487778445054     
   1.20312500000000      -0.903940996594417      -0.808579804935566     
   1.21093750000000      -0.903162206082078      -0.787341543128276     
   1.21875000000000      -0.905934418592516      -0.780388853045724     
   1.22656250000000      -0.905241935679697      -0.776529721359274     
   1.23437500000000      -0.902506901496488      -0.774037989579351     
   1.24218750000000      -0.898035229588697      -0.772382909094339     
   1.25000000000000      -0.891701810141602      -0.771230549931780     
   1.25781250000000      -0.883067492136863      -0.770138105730009     
   1.26562500000000      -0.871372778203440      -0.768210278343081     
   1.27343750000000      -0.855478110008185      -0.763191056584808     
   1.28125000000000      -0.839861667148908      -0.745705550655331     
   1.28906250000000      -0.835643269094552      -0.730895682176551     
   1.29687500000000      -0.831637001275370      -0.718925061653562     
   1.30468750000000      -0.827444699963868      -0.707679050352363     
   1.31250000000000      -0.823141238829303      -0.696317898512270     
   1.32031250000000      -0.818951747159756      -0.684362251844586     
   1.32812500000000      -0.815191009291204      -0.671511212947083     
   1.33593750000000      -0.812250511507450      -0.657580270468047     
   1.34375000000000      -0.810615253478698      -0.642451746752667     
   1.35156250000000      -0.811023534785984      -0.625720075204667     
   1.35937500000000      -0.816882084022425      -0.610511318058574     
   1.36718750000000      -0.822360118459748      -0.598493683324671     
   1.37500000000000      -0.827596043474976      -0.587386492546398     
   1.38281250000000      -0.832847409940187      -0.576678356734982     
   1.39062500000000      -0.838326454238906      -0.566109148310596     
   1.39843750000000      -0.844248273316263      -0.555517897322476     
   1.40625000000000      -0.850864458996166      -0.544794831206374     
   1.41406250000000      -0.858516981800477      -0.533858971974838     
   1.42187500000000      -0.867792661492636      -0.522636057191967     
   1.42968750000000      -0.880742712936022      -0.510897388575041     
   1.43750000000000      -0.896159506970246      -0.507040711647814     
   1.44531250000000      -0.907956306677833      -0.504274335215888     
   1.45312500000000      -0.918655078279071      -0.501759698700790     
   1.46093750000000      -0.928839207650125      -0.499373099145746     
   1.46875000000000      -0.938840717064280      -0.497055498115888     
   1.47656250000000      -0.948919521429866      -0.494768513816409     
   1.48437500000000      -0.959336855807263      -0.492477669001596     
   1.49218750000000      -0.970425740795770      -0.490138092094200     
   1.50000000000000      -0.982738988787027      -0.487666451683479     
   1.50781250000000      -0.997679060172194      -0.484823704073063     
   1.51562500000000       -1.02011446696125      -0.488087831841500     
   1.52343750000000       -1.03593490415326      -0.498907172789290     
   1.53125000000000       -1.04829156292096      -0.510370950638598     
   1.53906250000000       -1.05851426499939      -0.522349308044810     
   1.54687500000000       -1.06711206969180      -0.534881171371286     
   1.55468750000000       -1.07433002679823      -0.548089096668768     
   1.56250000000000       -1.08026485321406      -0.562185108782614     
   1.57031250000000       -1.08486825080587      -0.577513601583213     
   1.57812500000000       -1.08784361803995      -0.594633731049622     
   1.58593750000000       -1.08829846999595      -0.614415088668776     
   1.59375000000000       -1.08381759497938      -0.637976648049545     
   1.60156250000000       -1.06538022823660      -0.659401447143349     
   1.60937500000000       -1.04840423030358      -0.673072388281823     
   1.61718750000000       -1.02464200514383      -0.686059910618779     
   1.62500000000000      -0.995039614480169      -0.688164839683191     
   1.63281250000000      -0.969132470283605      -0.679621821265815     
   1.64062500000000      -0.949097807966912      -0.666256700226931     
   1.64843750000000      -0.933376326462470      -0.650742470570448     
   1.65625000000000      -0.920729786157046      -0.633551235457518     
   1.66406250000000      -0.910718314683738      -0.614426206587622     
   1.67187500000000      -0.903577608408683      -0.592841335097867     
   1.67968750000000      -0.900460823065992      -0.567942917042269     
   1.68750000000000      -0.908496127271642      -0.537860297507227     
   1.69531250000000      -0.923757640226096      -0.524535753866292     
   1.70312500000000      -0.933658519395022      -0.513819773233619     
   1.71093750000000      -0.941774408156336      -0.503465754962722     
   1.71875000000000      -0.949150228343905      -0.492817763841565     
   1.72656250000000      -0.956400187113574      -0.481518654786344     
   1.73437500000000      -0.964008139109132      -0.469325499290369     
   1.74218750000000      -0.972435086208434      -0.456051679061524     
   1.75000000000000      -0.982183992745828      -0.441541424850236     
   1.75781250000000      -0.993869840266141      -0.425650252212623     
   1.76562500000000       -1.00835227183066      -0.408208507280189     
   1.77343750000000       -1.02714689034733      -0.388891199738820     
   1.78125000000000       -1.05659803992098      -0.365815832437604     
   1.78906250000000       -1.09444294802225      -0.364655074468013     
   1.79687500000000       -1.12314533624655      -0.367128406249504     
   1.80468750000000       -1.14860185356984      -0.370771676639197     
   1.81250000000000       -1.17221510926761      -0.375076547393545     
   1.82031250000000       -1.19469820406547      -0.379830051328466     
   1.82812500000000       -1.21650350082968      -0.384925366533937     
   1.83593750000000       -1.23795770033261      -0.390296130628442     
   1.84375000000000       -1.25932724265643      -0.395873896034435     
   1.85156250000000       -1.28087783273910      -0.401541232913998     
   1.85937500000000       -1.30297869798195      -0.407065654648828     
   1.86718750000000       -1.32636047704186      -0.411988017041899     
   1.87500000000000       -1.35306982166774      -0.415311587562952     
   1.88281250000000       -1.39559941441834      -0.423400700279527     
   1.89062500000000       -1.42713069299664      -0.451219557863672     
   1.89843750000000       -1.45093788773585      -0.477647260697650     
   1.90625000000000       -1.47163304238451      -0.503226764975873     
   1.91406250000000       -1.49059767115149      -0.528568625631356     
   1.92187500000000       -1.50841127624561      -0.554107242487136     
   1.92968750000000       -1.52537412382185      -0.580167754471958     
   1.93750000000000       -1.54167771480585      -0.607041960270625     
   1.94531250000000       -1.55746655375160      -0.635054149147608     
   1.95312500000000       -1.57285901556266      -0.664633175425739     
   1.96093750000000       -1.58794615032554      -0.696427332526252     
   1.96875000000000       -1.60275857206534      -0.731561581646430     
   1.97656250000000       -1.61710443452890      -0.772469833607543     
   1.98437500000000       -1.62757985865213      -0.831059219959801     
   1.99218750000000       -1.60310514362724      -0.877084254887976     
   2.00000000000000       -1.58445249676337      -0.909352193678050     
   2.00781250000000       -1.56776786580606      -0.936831498962826     
   2.01562500000000       -1.55218907485529      -0.961350348071837     
   2.02343750000000       -1.53730959644382      -0.983719444117930     
   2.03125000000000       -1.52289350928134       -1.00437815981261     
   2.03906250000000       -1.50878928125671       -1.02358428288342     
   2.04687500000000       -1.49489521367485       -1.04148821749685     
   2.05468750000000       -1.48114416971133       -1.05816483287554     
   2.06250000000000       -1.46749813727380       -1.07362392441885     
   2.07031250000000       -1.45395096375529       -1.08780277573054     
   2.07812500000000       -1.44054486889029       -1.10052787335411     
   2.08593750000000       -1.42743317019618       -1.11137111851731     
   2.09375000000000       -1.41579357713301       -1.11818905988307     
   2.10156250000000       -1.41062631405988       -1.12783015687383     
   2.10937500000000       -1.40423609232820       -1.13968963561144     
   2.11718750000000       -1.39733822973230       -1.15215340564291     
   2.12500000000000       -1.39010513954110       -1.16487564161493     
   2.13281250000000       -1.38261968587552       -1.17771096608448     
   2.14062500000000       -1.37493194480157       -1.19058783805273     
   2.14843750000000       -1.36707723599013       -1.20347115122591     
   2.15625000000000       -1.35908397881368       -1.21634821444082     
   2.16406250000000       -1.35097796472121       -1.22922374544119     
   2.17187500000000       -1.34278529359563       -1.24211998995163     
   2.17968750000000       -1.33453510936627       -1.25508194219031     
   2.18750000000000       -1.32626327169434       -1.26819167086007     
   2.19531250000000       -1.31801956003231       -1.28160792549640     
   2.20312500000000       -1.30989035319580       -1.29572192275895     
   2.21093750000000       -1.30056259504414       -1.31231605820116     
   2.21875000000000       -1.28817638784106       -1.32731457750138     
   2.22656250000000       -1.27545648075537       -1.34117006673385     
   2.23437500000000       -1.26242887714586       -1.35435354446853     
   2.24218750000000       -1.24909492983058       -1.36701195625808     
   2.25000000000000       -1.23545095491223       -1.37921100730155     
   2.25781250000000       -1.22149211091185       -1.39098290699313     
   2.26562500000000       -1.20721399875411       -1.40234300824923     
   2.27343750000000       -1.19261375087325       -1.41329775031020     
   2.28125000000000       -1.17769108382288       -1.42384990369077     
   2.28906250000000       -1.16244952812454       -1.43400371995501     
   2.29687500000000       -1.14689801512771       -1.44377225690896     
   2.30468750000000       -1.13105309422654       -1.45319096890792     
   2.31250000000000       -1.11494240303152       -1.46234918312272     
   2.32031250000000       -1.09861134662762       -1.47148910861043     
   2.32812500000000       -1.08214157382949       -1.48175337193053     
   2.33593750000000       -1.06062661883129       -1.49200990788070     
   2.34375000000000       -1.03842496128828       -1.49890030908099     
   2.35156250000000       -1.01576304853884       -1.50388379451192     
   2.35937500000000      -0.992644080724300       -1.50707961727067     
   2.36718750000000      -0.969095921467907       -1.50843053645868     
   2.37500000000000      -0.945169427580931       -1.50779777123433     
   2.38281250000000      -0.920942228237932       -1.50498371810966     
   2.39062500000000      -0.896525680397451       -1.49973534363536     
   2.39843750000000      -0.872075303388102       -1.49173823622650     
   2.40625000000000      -0.847806212676453       -1.48060231757649     
   2.41406250000000      -0.824016807839725       -1.46583553901036     
   2.42187500000000      -0.801127763344954       -1.44679503324265     
   2.42968750000000      -0.779753449412727       -1.42258798991636     
   2.43750000000000      -0.760855763036898       -1.39183754816828     
   2.44531250000000      -0.746177844048662       -1.35196482479864     
   2.45312500000000      -0.740549962809948       -1.29501295014095     
   2.46093750000000      -0.788631754281099       -1.24012053742430     
   2.46875000000000      -0.832910011917924       -1.22424187447241     
   2.47656250000000      -0.870574420692465       -1.21898314091851     
   2.48437500000000      -0.904108118743377       -1.22000586924172     
   2.49218750000000      -0.934696239661172       -1.22551819219412     
   2.50000000000000      -0.963060808566539       -1.23459493401373     
   2.53125000000000       -1.06267846365777       -1.29943483988732     
   2.56250000000000       -1.15337761088272       -1.41287803304887     
   2.59375000000000       -1.20946508608029       -1.66728300303874     
   2.62500000000000       -1.04930529651483       -1.87565550527237     
   2.65625000000000      -0.844250428487757       -2.00044992427346     
   2.68750000000000      -0.595696746678417       -2.03812291618397     
   2.71875000000000      -0.334078943937146       -1.92410602149545     
   2.75000000000000      -0.339827264109996       -1.70872148357723     
   2.78125000000000      -0.376241992036293       -1.66699213233467     
   2.81250000000000      -0.395852530991656       -1.67217233440632     
   2.84375000000000      -0.404056849054477       -1.71624378307764     
   2.87500000000000      -0.383574500631690       -1.85124718498683     
   2.90625000000000      -0.179177122091137       -1.92706394966847     
   2.93750000000000       2.570603032487062E-002  -1.90102740270621     
   2.96875000000000       0.218881210519164       -1.79215365049662     
   3.00000000000000       0.366296892509704       -1.59041314998327     
   3.03125000000000       0.334344927031422       -1.27235857074221     
   3.06250000000000       0.165135807066252       -1.20393619931818     
   3.09375000000000       7.109686051944565E-002  -1.19758768342878     
   3.12500000000000       9.917056165837388E-003  -1.21794287164578     
   3.15625000000000      -2.692970960785454E-002  -1.26146531212640     
   3.18750000000000      -2.853242207791333E-002  -1.34839096152996     
   3.21875000000000       7.496067080743256E-002  -1.37694332695591     
   3.25000000000000       0.149631142131056       -1.35585515113045     
   3.28125000000000       0.211119062855623       -1.31496332165526     
   3.31250000000000       0.259654842269265       -1.25833834062758     
   3.34375000000000       0.290455999294227       -1.18570308750225     
   3.37500000000000       0.274337543523392       -1.11601102133085     
   3.40625000000000       0.262332633418581       -1.08085678008706     
   3.43750000000000       0.256093700543590       -1.04997195700974     
   3.46875000000000       0.251381377394163       -1.02022972045037     
   3.50000000000000       0.245927207527787      -0.990160493480102     
   3.53125000000000       0.236130016181435      -0.957593643783653     
   3.56250000000000       0.213758926270325      -0.936763902042232     
   3.59375000000000       0.199224685797187      -0.924715587023930     
   3.62500000000000       0.188207658233880      -0.915105464485673     
   3.65625000000000       0.179508074332870      -0.907137961176237     
   3.68750000000000       0.172559614349578      -0.900487563904107     
   3.71875000000000       0.167073571091329      -0.895168648477256     
   3.75000000000000       0.163959292913035      -0.890638645155348     
   3.78125000000000       0.161851688213607      -0.885885557629084     
   3.81250000000000       0.160454614527638      -0.881280681687179     
   3.84375000000000       0.159585930555872      -0.876824477507311     
   3.87500000000000       0.159002260308168      -0.872441740551923     
   3.90625000000000       0.158135164912809      -0.867854831994974     
   3.93750000000000       0.154122533192195      -0.865446459109779     
   3.96875000000000       0.152846245793716      -0.867413707909989     
   4.00000000000000       0.154020487924234      -0.870862052403438     
   4.03125000000000       0.157522261828908      -0.875759693248428     
   4.06250000000000       0.163792076883938      -0.882432765063847     
   4.09375000000000       0.174155320321579      -0.891786697381082     
   4.12500000000000       0.196130347529963      -0.908415115968038     
   4.15625000000000       0.233702064209509      -0.898383761345635     
   4.18750000000000       0.259500677330586      -0.880090130189081     
   4.21875000000000       0.279600712005568      -0.857836465202645     
   4.25000000000000       0.294854487204583      -0.832501864286613     
   4.28125000000000       0.305084755173692      -0.804350997560258     
   4.31250000000000       0.309024776554480      -0.773135309307097     
   4.34375000000000       0.297653436772480      -0.737781038139320     
   4.37500000000000       0.279692316809798      -0.726206556853048     
   4.40625000000000       0.269411060745157      -0.718187725817784     
   4.43750000000000       0.261971935627146      -0.711489543054233     
   4.46875000000000       0.256093508772636      -0.705536351679994     
   4.50000000000000       0.251095743910363      -0.700041492132960     
   4.53125000000000       0.246415077449608      -0.694794528552139     
   4.56250000000000       0.240994433048597      -0.689453581586305     
   4.59375000000000       0.233486586016838      -0.688332953712172     
   4.62500000000000       0.229380736468663      -0.689322848609089     
   4.65625000000000       0.226968537406181      -0.690883671924877     
   4.68750000000000       0.225853951261562      -0.692916023845176     
   4.71875000000000       0.225880555125798      -0.695400364589795     
   4.75000000000000       0.227006541621480      -0.698362291200772     
   4.78125000000000       0.229313675890107      -0.701888142612735     
   4.81250000000000       0.233634014622169      -0.706016605361851     
   4.84375000000000       0.239069120977288      -0.708919071373261     
   4.87500000000000       0.245003615888717      -0.712025848849541     
   4.90625000000000       0.251840863090776      -0.715547744228692     
   4.93750000000000       0.259875469529847      -0.719641300509038     
   4.96875000000000       0.269506466307188      -0.724515780585319     
   5.00000000000000       0.281424194783204      -0.730528069958375     
   5.03125000000000       0.297203971280546      -0.738482603484176     
   5.06250000000000       0.327268996457892      -0.748354960530252     
   5.09375000000000       0.359374509983097      -0.735734296997906     
   5.12500000000000       0.383833765874832      -0.718711744749241     
   5.15625000000000       0.404041659990420      -0.699194166502363     
   5.18750000000000       0.420856693176722      -0.677781900635140     
   5.21875000000000       0.434563519270458      -0.654784307889933     
   5.25000000000000       0.445147685645725      -0.630378649530488     
   5.28125000000000       0.452263062602264      -0.604630815780880     
   5.31250000000000       0.454499110392978      -0.577299472913507     
   5.34375000000000       0.449173076410024      -0.555920559200799     
   5.37500000000000       0.446868780145638      -0.537913549960873     
   5.40625000000000       0.444690742613145      -0.519992273973386     
   5.43750000000000       0.441831798590506      -0.501935947832916     
   5.46875000000000       0.437797021299029      -0.483636458430962     
   5.50000000000000       0.432088057666400      -0.465002035583354     
   5.53125000000000       0.423997062550498      -0.445905490834543     
   5.56250000000000       0.412138314193838      -0.426078907716877     
   5.59375000000000       0.390987927706780      -0.404319570400897     
   5.62500000000000       0.361454046474770      -0.405967242510965     
   5.65625000000000       0.344968060406499      -0.412091653947079     
   5.68750000000000       0.333614007190429      -0.419368843702753     
   5.71875000000000       0.325957683359327      -0.427514766973984     
   5.75000000000000       0.321496144474716      -0.436465671015094     
   5.78125000000000       0.320171140954772      -0.446271957168915     
   5.81250000000000       0.322334826163276      -0.457104254836119     
   5.84375000000000       0.329055787097554      -0.469361298727411     
   5.87500000000000       0.343989128586451      -0.484276638771060     
   5.90625000000000       0.378541077347821      -0.483423697034604     
   5.93750000000000       0.399523066357211      -0.467143992290455     
   5.96875000000000       0.413983191021297      -0.448585135668209     
   6.00000000000000       0.424057038548629      -0.428570662578519     
   6.03125000000000       0.430474128110091      -0.407462846542464     
   6.06250000000000       0.433463699731937      -0.385468150916633     
   6.09375000000000       0.432933805726097      -0.362710728608969     
   6.12500000000000       0.428421897757336      -0.339245165051985     
   6.15625000000000       0.418690142327017      -0.315007393483034     
   6.18750000000000       0.398348775749461      -0.289288631724093     
   6.21875000000000       0.369589500430075      -0.287347943272228     
   6.25000000000000       0.353388441481988      -0.289227633665509     
   6.28125000000000       0.341460852555326      -0.291786690531096     
   6.31250000000000       0.332266085268768      -0.294779287685703     
   6.34375000000000       0.325149503561637      -0.298107535927672     
   6.37500000000000       0.319794432509309      -0.301730174512777     
   6.40625000000000       0.316076634751295      -0.305639429218047     
   6.43750000000000       0.314040628435688      -0.309859230704564     
   6.46875000000000       0.313993450219965      -0.314466412311691     
   6.50000000000000       0.317156408749912      -0.319726112435830     
   6.53125000000000       0.326104911331655      -0.319056264709351     
   6.56250000000000       0.330633418305634      -0.314577835399599     
   6.59375000000000       0.333598616960855      -0.309768743458369     
   6.62500000000000       0.335710330609039      -0.304780693302715     
   6.65625000000000       0.337258390700758      -0.299677680615750     
   6.68750000000000       0.338400307944318      -0.294495681611802     
   6.71875000000000       0.339237863044928      -0.289258753721566     
   6.75000000000000       0.339849514065992      -0.283985911000848     
   6.78125000000000       0.340313307049002      -0.278695977942132     
   6.81250000000000       0.340745932603887      -0.273415750848969     
   6.84375000000000       0.341583739836306      -0.268238312462947     
   6.87500000000000       0.342592353688008      -0.261342301045032     
   6.90625000000000       0.342465629838768      -0.254181240817456     
   6.93750000000000       0.341698080073741      -0.246912607358593     
   6.96875000000000       0.340366753969995      -0.239562709447594     
   7.00000000000000       0.338484201068893      -0.232144618527237     
   7.03125000000000       0.336028336842876      -0.224665468050616     
   7.06250000000000       0.332944848674502      -0.217128165359338     
   7.09375000000000       0.329135690268180      -0.209531013699936     
   7.12500000000000       0.324424922715958      -0.201864895143420     
   7.15625000000000       0.318452952123134      -0.194103333416125     
   7.18750000000000       0.310109384304623      -0.186145757763456     
   7.21875000000000       0.297708880585345      -0.183783146689978     
   7.25000000000000       0.289790206139747      -0.184378837308277     
   7.28125000000000       0.283572718327121      -0.185143834306472     
   7.31250000000000       0.278403254946140      -0.186011301013407     
   7.34375000000000       0.274012207182818      -0.186954703187871     
   7.37500000000000       0.270257532582753      -0.187960829702242     
   7.40625000000000       0.267058918094688      -0.189022955486824     
   7.43750000000000       0.264374716262611      -0.190138534197706     
   7.46875000000000       0.262195612111364      -0.191308712698517     
   7.50000000000000       0.260551976545363      -0.192539462914865     
   7.53125000000000       0.259553293198011      -0.193846726756403     
   7.56250000000000       0.259672646365395      -0.195292267970039     
   7.59375000000000       0.260942966292791      -0.194510648331941     
   7.62500000000000       0.260998750249226      -0.193223039884323     
   7.65625000000000       0.260732429711104      -0.191893384717029     
   7.68750000000000       0.260310195033782      -0.190543434248664     
   7.71875000000000       0.259803824541006      -0.189182924782654     
   7.75000000000000       0.259252930301551      -0.187817466493382     
   7.78125000000000       0.258682864592262      -0.186450849377486     
   7.81250000000000       0.258112177723559      -0.185086029350050     
   7.84375000000000       0.257556828671850      -0.183725715651903     
   7.87500000000000       0.257033915019974      -0.182372936464114     
   7.90625000000000       0.256568038948659      -0.181032063312986     
   7.93750000000000       0.256214474685061      -0.179712563846292     
   7.96875000000000       0.256196148008365      -0.178193101802856     
   8.00000000000000       0.255934496034823      -0.176314126133629     
   8.03125000000000       0.255522825367711      -0.174412053236116     
   8.06250000000000       0.255019451653247      -0.172497023695573     
   8.09375000000000       0.254443537397543      -0.170572828323857     
   8.12500000000000       0.253802413839507      -0.168641378711855     
   8.15625000000000       0.253097146326448      -0.166703675022441     
   8.18750000000000       0.252323918523129      -0.164760113026589     
   8.21875000000000       0.251473630041578      -0.162810545895531     
   8.25000000000000       0.250529746321019      -0.160854164636714     
   8.28125000000000       0.249462775978303      -0.158889086162538     
   8.31250000000000       0.248214817449311      -0.156911116447317     
   8.34375000000000       0.246635772130208      -0.154908477286873     
   8.37500000000000       0.244077740676915      -0.153532727644107     
   8.40625000000000       0.242340134010024      -0.153300780712957     
   8.43750000000000       0.241119037457167      -0.153111300721226     
   8.46875000000000       0.240216998881709      -0.152948063874386     
   8.50000000000000       0.239570117284690      -0.152806169057244     
   8.53125000000000       0.239152100846880      -0.152683894569271     
   8.56250000000000       0.238954991595004      -0.152581093505618     
   8.59375000000000       0.238983548946469      -0.152498751942962     
   8.62500000000000       0.239254580552785      -0.152438977993772     
   8.65625000000000       0.239799783970722      -0.152405315241381     
   8.68750000000000       0.240673643382087      -0.152403546418775     
   8.71875000000000       0.241973034195594      -0.152443650688729     
   8.75000000000000       0.243895992945903      -0.152545626312169     
   8.78125000000000       0.247051261949519      -0.152769995992394     
   8.81250000000000       0.252415600661709      -0.149964351345902     
   8.84375000000000       0.255261601666043      -0.145481804295842     
   8.87500000000000       0.257093645765375      -0.140891583338173     
   8.90625000000000       0.258262377817304      -0.136233462315676     
   8.93750000000000       0.258906736369958      -0.131525240742481     
   8.96875000000000       0.259095058746972      -0.126777337340657     
   9.00000000000000       0.258860923279394      -0.121996651376645     
   9.03125000000000       0.258215688015552      -0.117188035549712     
   9.06250000000000       0.257152523985229      -0.112354935989308     
   9.09375000000000       0.255645471101067      -0.107499626078083     
   9.12500000000000       0.253643072145300      -0.102623120464177     
   9.15625000000000       0.251051650795190      -9.772460226766308E-002
   9.18750000000000       0.247689105389221      -9.279953543461848E-002
   9.21875000000000       0.243103759660346      -8.783161621757830E-002
   9.25000000000000       0.235133388325777      -8.454408381330357E-002
   9.28125000000000       0.229460725081017      -8.540345754461034E-002
   9.31250000000000       0.225394356527362      -8.633511396940607E-002
   9.34375000000000       0.222168784436185      -8.730353822112095E-002
   9.37500000000000       0.219532434026951      -8.829797840588668E-002
   9.40625000000000       0.217361805700249      -8.931372636418858E-002
   9.43750000000000       0.215587496700551      -9.034861609483413E-002
   9.46875000000000       0.214169376599211      -9.140188742817353E-002
   9.50000000000000       0.213086422055845      -9.247375415921934E-002
   9.53125000000000       0.212332667565720      -9.356527651442255E-002
   9.56250000000000       0.211916816319613      -9.467843741501739E-002
   9.59375000000000       0.211865541908016      -9.581645908962017E-002
   9.62500000000000       0.212233262647572      -9.698458162524168E-002
   9.65625000000000       0.213129298384198      -9.819211123283028E-002
   9.68750000000000       0.214818937561561      -9.945984355422070E-002
   9.71875000000000       0.218759893196206      -0.100095524651658     
   9.75000000000000       0.221682204390770      -9.759258214611592E-002
   9.78125000000000       0.223469654751071      -9.500308163972453E-002
   9.81250000000000       0.224720820993933      -9.237198338200961E-002
   9.84375000000000       0.225615362552430      -8.971354393445397E-002
   9.87500000000000       0.226240795972464      -8.703508282661762E-002
   9.90625000000000       0.226647767286702      -8.434109649283097E-002
   9.93750000000000       0.226868160063529      -8.163463486150238E-002
   9.96875000000000       0.226922737429651      -7.891789857540979E-002
   10.0000000000000       0.226824776890537      -7.619253778575734E-002
   11.0000000000000       0.206204342627761       0.000000000000000E+000
   12.0000000000000       0.189020647408781       0.000000000000000E+000
   13.0000000000000       0.174480597608105       0.000000000000000E+000
   14.0000000000000       0.162017697778955       0.000000000000000E+000
   15.0000000000000       0.151216517927025       0.000000000000000E+000
   16.0000000000000       0.141765485556586       0.000000000000000E+000
   17.0000000000000       0.133426339347375       0.000000000000000E+000
   18.0000000000000       0.126013764939187       0.000000000000000E+000
   19.0000000000000       0.119381461521335       0.000000000000000E+000
   20.0000000000000       0.113412388445269       0.000000000000000E+000
   21.0000000000000       0.108011798519303       0.000000000000000E+000
   22.0000000000000       0.103102171313880       0.000000000000000E+000
   23.0000000000000       9.861946821327697E-002  0.000000000000000E+000
   24.0000000000000       9.451032370439043E-002  0.000000000000000E+000
   25.0000000000000       9.072991075621481E-002  0.000000000000000E+000
   26.0000000000000       8.724029880405269E-002  0.000000000000000E+000
   27.0000000000000       8.400917662612482E-002  0.000000000000000E+000
   28.0000000000000       8.100884888947750E-002  0.000000000000000E+000
   29.0000000000000       7.821544030708173E-002  0.000000000000000E+000
   30.0000000000000       7.560825896351234E-002  0.000000000000000E+000
   31.0000000000000       7.316928286791517E-002  0.000000000000000E+000
   32.0000000000000       7.088274277829282E-002  0.000000000000000E+000
   33.0000000000000       6.873478087592030E-002  0.000000000000000E+000
   34.0000000000000       6.671316967368736E-002  0.000000000000000E+000
   35.0000000000000       6.480707911158201E-002  0.000000000000000E+000
   36.0000000000000       6.300688246959361E-002  0.000000000000000E+000
   37.0000000000000       6.130399375419919E-002  0.000000000000000E+000
   38.0000000000000       5.969073076066764E-002  0.000000000000000E+000
   39.0000000000000       5.816019920270180E-002  0.000000000000000E+000
   40.0000000000000       5.670619422263425E-002  0.000000000000000E+000
   41.0000000000000       5.532311631476513E-002  0.000000000000000E+000
   42.0000000000000       5.400589925965167E-002  0.000000000000000E+000
   43.0000000000000       5.274994811407838E-002  0.000000000000000E+000
   44.0000000000000       5.155108565694023E-002  0.000000000000000E+000
   45.0000000000000       5.040550597567489E-002  0.000000000000000E+000
   46.0000000000000       4.930973410663848E-002  0.000000000000000E+000
   47.0000000000000       4.826059082777383E-002  0.000000000000000E+000
   48.0000000000000       4.725516185219521E-002  0.000000000000000E+000
   49.0000000000000       4.629077079398715E-002  0.000000000000000E+000
   50.0000000000000       4.536495537810740E-002  0.000000000000000E+000
   51.0000000000000       4.447544644912491E-002  0.000000000000000E+000
   52.0000000000000       4.362014940202635E-002  0.000000000000000E+000
   53.0000000000000       4.279712771519566E-002  0.000000000000000E+000
   54.0000000000000       4.200458831306241E-002  0.000000000000000E+000
   55.0000000000000       4.124086852555219E-002  0.000000000000000E+000
   56.0000000000000       4.050442444473875E-002  0.000000000000000E+000
   57.0000000000000       3.979382050711176E-002  0.000000000000000E+000
   58.0000000000000       3.910772015354087E-002  0.000000000000000E+000
   59.0000000000000       3.844487743907407E-002  0.000000000000000E+000
   60.0000000000000       3.780412948175617E-002  0.000000000000000E+000
   61.0000000000000       3.718438965418640E-002  0.000000000000000E+000
   62.0000000000000       3.658464143395759E-002  0.000000000000000E+000
   63.0000000000000       3.600393283976778E-002  0.000000000000000E+000
   64.0000000000000       3.544137138914641E-002  0.000000000000000E+000
   65.0000000000000       3.489611952162108E-002  0.000000000000000E+000
   66.0000000000000       3.436739043796015E-002  0.000000000000000E+000
   67.0000000000000       3.385444431202045E-002  0.000000000000000E+000
   68.0000000000000       3.335658483684368E-002  0.000000000000000E+000
   69.0000000000000       3.287315607109232E-002  0.000000000000000E+000
   70.0000000000000       3.240353955579101E-002  0.000000000000000E+000
   71.0000000000000       3.194715167472352E-002  0.000000000000000E+000
   72.0000000000000       3.150344123479681E-002  0.000000000000000E+000
   73.0000000000000       3.107188724527904E-002  0.000000000000000E+000
   74.0000000000000       3.065199687709960E-002  0.000000000000000E+000
   75.0000000000000       3.024330358540494E-002  0.000000000000000E+000
   76.0000000000000       2.984536538033382E-002  0.000000000000000E+000
   77.0000000000000       2.945776323253728E-002  0.000000000000000E+000
   78.0000000000000       2.908009960135090E-002  0.000000000000000E+000
   79.0000000000000       2.871199707475152E-002  0.000000000000000E+000
   80.0000000000000       2.835309711131713E-002  0.000000000000000E+000
   81.0000000000000       2.800305887537494E-002  0.000000000000000E+000
   82.0000000000000       2.766155815738256E-002  0.000000000000000E+000
   83.0000000000000       2.732828637235386E-002  0.000000000000000E+000
   84.0000000000000       2.700294962982584E-002  0.000000000000000E+000
   85.0000000000000       2.668526786947494E-002  0.000000000000000E+000
   86.0000000000000       2.637497405703919E-002  0.000000000000000E+000
   87.0000000000000       2.607181343569391E-002  0.000000000000000E+000
   88.0000000000000       2.577554282847011E-002  0.000000000000000E+000
   89.0000000000000       2.548592998770079E-002  0.000000000000000E+000
   90.0000000000000       2.520275298783745E-002  0.000000000000000E+000
   91.0000000000000       2.492579965830077E-002  0.000000000000000E+000
   92.0000000000000       2.465486705331924E-002  0.000000000000000E+000
   93.0000000000000       2.438976095597172E-002  0.000000000000000E+000
   94.0000000000000       2.413029541388692E-002  0.000000000000000E+000
   95.0000000000000       2.387629230426705E-002  0.000000000000000E+000
   96.0000000000000       2.362758092609761E-002  0.000000000000000E+000
   97.0000000000000       2.338399761758114E-002  0.000000000000000E+000
   98.0000000000000       2.314538539699357E-002  0.000000000000000E+000
   99.0000000000000       2.291159362530677E-002  0.000000000000000E+000
   100.000000000000       2.268247768905370E-002  0.000000000000000E+000
   101.000000000000       2.245789870203337E-002  0.000000000000000E+000
   102.000000000000       2.223772322456245E-002  0.000000000000000E+000
   103.000000000000       2.202182299908126E-002  0.000000000000000E+000
   104.000000000000       2.181007470101317E-002  0.000000000000000E+000
   105.000000000000       2.160235970386067E-002  0.000000000000000E+000
   106.000000000000       2.139856385759783E-002  0.000000000000000E+000
   107.000000000000       2.119857727948944E-002  0.000000000000000E+000
   108.000000000000       2.100229415653121E-002  0.000000000000000E+000
   109.000000000000       2.080961255876486E-002  0.000000000000000E+000
   110.000000000000       2.062043426277609E-002  0.000000000000000E+000
   111.000000000000       2.043466458473307E-002  0.000000000000000E+000
   112.000000000000       2.025221222236937E-002  0.000000000000000E+000
   113.000000000000       2.007298910535726E-002  0.000000000000000E+000
   114.000000000000       1.989691025355588E-002  0.000000000000000E+000
   115.000000000000       1.972389364265539E-002  0.000000000000000E+000
   116.000000000000       1.955386007677043E-002  0.000000000000000E+000
   117.000000000000       1.938673306756727E-002  0.000000000000000E+000
   118.000000000000       1.922243871953704E-002  0.000000000000000E+000
   119.000000000000       1.906090562105353E-002  0.000000000000000E+000
   120.000000000000       1.890206474087808E-002  0.000000000000000E+000
   121.000000000000       1.874584932979645E-002  0.000000000000000E+000
   122.000000000000       1.859219482709320E-002  0.000000000000000E+000
   123.000000000000       1.844103877158838E-002  0.000000000000000E+000
   124.000000000000       1.829232071697879E-002  0.000000000000000E+000
   125.000000000000       1.814598215124296E-002  0.000000000000000E+000
   126.000000000000       1.800196641988389E-002  0.000000000000000E+000
   127.000000000000       1.786021865279819E-002  0.000000000000000E+000
   128.000000000000       1.772068569457320E-002  0.000000000000000E+000
   129.000000000000       1.758331603802613E-002  0.000000000000000E+000
   130.000000000000       1.744805976081054E-002  0.000000000000000E+000
   131.000000000000       1.731486846492649E-002  0.000000000000000E+000
   132.000000000000       1.718369521898008E-002  0.000000000000000E+000
   133.000000000000       1.705449450304789E-002  0.000000000000000E+000
   134.000000000000       1.692722215601022E-002  0.000000000000000E+000
   135.000000000000       1.680183532522496E-002  0.000000000000000E+000
   136.000000000000       1.667829241842184E-002  0.000000000000000E+000
   137.000000000000       1.655655305770343E-002  0.000000000000000E+000
   138.000000000000       1.643657803554616E-002  0.000000000000000E+000
   139.000000000000       1.631832927270050E-002  0.000000000000000E+000
   140.000000000000       1.620176977789550E-002  0.000000000000000E+000
   141.000000000000       1.608686360925795E-002  0.000000000000000E+000
   142.000000000000       1.597357583736176E-002  0.000000000000000E+000
   143.000000000000       1.586187250982776E-002  0.000000000000000E+000
   144.000000000000       1.575172061739840E-002  0.000000000000000E+000
   145.000000000000       1.564308806141635E-002  0.000000000000000E+000
   146.000000000000       1.553594362263952E-002  0.000000000000000E+000
   147.000000000000       1.543025693132905E-002  0.000000000000000E+000
   148.000000000000       1.532599843854980E-002  0.000000000000000E+000
   149.000000000000       1.522313938862664E-002  0.000000000000000E+000
   150.000000000000       1.512165179270247E-002  0.000000000000000E+000
   151.000000000000       1.502150840334682E-002  0.000000000000000E+000
   152.000000000000       1.492268269016691E-002  0.000000000000000E+000
   153.000000000000       1.482514881637497E-002  0.000000000000000E+000
   154.000000000000       1.472888161626864E-002  0.000000000000000E+000
   155.000000000000       1.463385657358303E-002  0.000000000000000E+000
   156.000000000000       1.454004980067545E-002  0.000000000000000E+000
   157.000000000000       1.444743801850554E-002  0.000000000000000E+000
   158.000000000000       1.435599853737576E-002  0.000000000000000E+000
   159.000000000000       1.426570923839855E-002  0.000000000000000E+000
   160.000000000000       1.417654855565856E-002  0.000000000000000E+000
   161.000000000000       1.408849545903957E-002  0.000000000000000E+000
   162.000000000000       1.400152943768747E-002  0.000000000000000E+000
   163.000000000000       1.391563048408203E-002  0.000000000000000E+000
   164.000000000000       1.383077907869128E-002  0.000000000000000E+000
   165.000000000000       1.374695617518406E-002  0.000000000000000E+000
   166.000000000000       1.366414318617693E-002  0.000000000000000E+000
   167.000000000000       1.358232196949324E-002  0.000000000000000E+000
   168.000000000000       1.350147481491292E-002  0.000000000000000E+000
   169.000000000000       1.342158443139272E-002  0.000000000000000E+000
   170.000000000000       1.334263393473747E-002  0.000000000000000E+000
   171.000000000000       1.326460683570392E-002  0.000000000000000E+000
   172.000000000000       1.318748702851959E-002  0.000000000000000E+000
   173.000000000000       1.311125877979983E-002  0.000000000000000E+000
   174.000000000000       1.303590671784696E-002  0.000000000000000E+000
   175.000000000000       1.296141582231640E-002  0.000000000000000E+000
   176.000000000000       1.288777141423506E-002  0.000000000000000E+000
   177.000000000000       1.281495914635802E-002  0.000000000000000E+000
   178.000000000000       1.274296499385039E-002  0.000000000000000E+000
   179.000000000000       1.267177524528140E-002  0.000000000000000E+000
   180.000000000000       1.260137649391872E-002  0.000000000000000E+000
   181.000000000000       1.253175562931144E-002  0.000000000000000E+000
   182.000000000000       1.246289982915039E-002  0.000000000000000E+000
   183.000000000000       1.239479655139547E-002  0.000000000000000E+000
   184.000000000000       1.232743352665962E-002  0.000000000000000E+000
   185.000000000000       1.226079875083984E-002  0.000000000000000E+000
   186.000000000000       1.219488047798586E-002  0.000000000000000E+000
   187.000000000000       1.212966721339770E-002  0.000000000000000E+000
   188.000000000000       1.206514770694346E-002  0.000000000000000E+000
   189.000000000000       1.200131094658926E-002  0.000000000000000E+000
   190.000000000000       1.193814615213353E-002  0.000000000000000E+000
   191.000000000000       1.187564276913806E-002  0.000000000000000E+000
   192.000000000000       1.181379046304880E-002  0.000000000000000E+000
   193.000000000000       1.175257911349933E-002  0.000000000000000E+000
   194.000000000000       1.169199880879057E-002  0.000000000000000E+000
   195.000000000000       1.163203984054036E-002  0.000000000000000E+000
   196.000000000000       1.157269269849679E-002  0.000000000000000E+000
   197.000000000000       1.151394806550949E-002  0.000000000000000E+000
   198.000000000000       1.145579681265338E-002  0.000000000000000E+000
   199.000000000000       1.139822999449935E-002  0.000000000000000E+000
   200.000000000000       1.134123884452685E-002  0.000000000000000E+000
   201.000000000000       1.128481477067348E-002  0.000000000000000E+000
   202.000000000000       1.122894935101668E-002  0.000000000000000E+000
   203.000000000000       1.117363432958310E-002  0.000000000000000E+000
   204.000000000000       1.111886161228123E-002  0.000000000000000E+000
   205.000000000000       1.106462326295302E-002  0.000000000000000E+000
   206.000000000000       1.101091149954063E-002  0.000000000000000E+000
   207.000000000000       1.095771869036411E-002  0.000000000000000E+000
   208.000000000000       1.090503735050659E-002  0.000000000000000E+000
   209.000000000000       1.085286013830321E-002  0.000000000000000E+000
   210.000000000000       1.080117985193033E-002  0.000000000000000E+000
   211.000000000000       1.074998942609180E-002  0.000000000000000E+000
   212.000000000000       1.069928192879892E-002  0.000000000000000E+000
   213.000000000000       1.064905055824117E-002  0.000000000000000E+000
   214.000000000000       1.059928863974472E-002  0.000000000000000E+000
   215.000000000000       1.054998962281567E-002  0.000000000000000E+000
   216.000000000000       1.050114707826560E-002  0.000000000000000E+000
   217.000000000000       1.045275469541645E-002  0.000000000000000E+000
   218.000000000000       1.040480627938243E-002  0.000000000000000E+000
   219.000000000000       1.035729574842635E-002  0.000000000000000E+000
   220.000000000000       1.031021713138805E-002  0.000000000000000E+000
   221.000000000000       1.026356456518267E-002  0.000000000000000E+000
   222.000000000000       1.021733229236653E-002  0.000000000000000E+000
   223.000000000000       1.017151465876848E-002  0.000000000000000E+000
   224.000000000000       1.012610611118469E-002  0.000000000000000E+000
   225.000000000000       1.008110119513498E-002  0.000000000000000E+000
   226.000000000000       1.003649455267863E-002  0.000000000000000E+000
   227.000000000000       9.992280920287974E-003  0.000000000000000E+000
   228.000000000000       9.948455126777939E-003  0.000000000000000E+000
   229.000000000000       9.905012091289826E-003  0.000000000000000E+000
   230.000000000000       9.861946821327697E-003  0.000000000000000E+000
   231.000000000000       9.819254410845758E-003  0.000000000000000E+000
   232.000000000000       9.776930038385217E-003  0.000000000000000E+000
   233.000000000000       9.734968965259100E-003  0.000000000000000E+000
   234.000000000000       9.693366533783634E-003  0.000000000000000E+000
   235.000000000000       9.652118165554767E-003  0.000000000000000E+000
   236.000000000000       9.611219359768518E-003  0.000000000000000E+000
   237.000000000000       9.570665691583840E-003  0.000000000000000E+000
   238.000000000000       9.530452810526766E-003  0.000000000000000E+000
   239.000000000000       9.490576438934603E-003  0.000000000000000E+000
   240.000000000000       9.451032370439042E-003  0.000000000000000E+000
   241.000000000000       9.411816468487013E-003  0.000000000000000E+000
   242.000000000000       9.372924664898225E-003  0.000000000000000E+000
   243.000000000000       9.334352958458313E-003  0.000000000000000E+000
   244.000000000000       9.296097413546599E-003  0.000000000000000E+000
   245.000000000000       9.258154158797429E-003  0.000000000000000E+000
   246.000000000000       9.220519385794188E-003  0.000000000000000E+000
   247.000000000000       9.183189347795022E-003  0.000000000000000E+000
   248.000000000000       9.146160358489397E-003  0.000000000000000E+000
   249.000000000000       9.109428790784619E-003  0.000000000000000E+000
   250.000000000000       9.072991075621480E-003  0.000000000000000E+000
   251.000000000000       9.036843700818208E-003  0.000000000000000E+000
   252.000000000000       9.000983209941945E-003  0.000000000000000E+000
   253.000000000000       8.965406201206996E-003  0.000000000000000E+000
   254.000000000000       8.930109326399096E-003  0.000000000000000E+000
   255.000000000000       8.895089289824982E-003  0.000000000000000E+000
   256.000000000000       8.860342847286602E-003  0.000000000000000E+000
   257.000000000000       8.825866805079262E-003  0.000000000000000E+000
   258.000000000000       8.791658019013063E-003  0.000000000000000E+000
   259.000000000000       8.757713393457028E-003  0.000000000000000E+000
   260.000000000000       8.724029880405271E-003  0.000000000000000E+000
   261.000000000000       8.690604478564637E-003  0.000000000000000E+000
   262.000000000000       8.657434232463245E-003  0.000000000000000E+000
   263.000000000000       8.624516231579353E-003  0.000000000000000E+000
   264.000000000000       8.591847609490038E-003  0.000000000000000E+000
   265.000000000000       8.559425543039133E-003  0.000000000000000E+000
   266.000000000000       8.527247251523947E-003  0.000000000000000E+000
   267.000000000000       8.495309995900263E-003  0.000000000000000E+000
   268.000000000000       8.463611078005112E-003  0.000000000000000E+000
   269.000000000000       8.432147839796915E-003  0.000000000000000E+000
   270.000000000000       8.400917662612481E-003  0.000000000000000E+000
   271.000000000000       8.369917966440481E-003  0.000000000000000E+000
   272.000000000000       8.339146209210920E-003  0.000000000000000E+000
   273.000000000000       8.308599886100257E-003  0.000000000000000E+000
   274.000000000000       8.278276528851715E-003  0.000000000000000E+000
   275.000000000000       8.248173705110436E-003  0.000000000000000E+000
   276.000000000000       8.218289017773080E-003  0.000000000000000E+000
   277.000000000000       8.188620104351518E-003  0.000000000000000E+000
   278.000000000000       8.159164636350252E-003  0.000000000000000E+000
   279.000000000000       8.129920318657240E-003  0.000000000000000E+000
   280.000000000000       8.100884888947751E-003  0.000000000000000E+000
   281.000000000000       8.072056117100962E-003  0.000000000000000E+000
   282.000000000000       8.043431804628973E-003  0.000000000000000E+000
   283.000000000000       8.015009784117916E-003  0.000000000000000E+000
   284.000000000000       7.986787918680880E-003  0.000000000000000E+000
   285.000000000000       7.958764101422352E-003  0.000000000000000E+000
   286.000000000000       7.930936254913881E-003  0.000000000000000E+000
   287.000000000000       7.903302330680732E-003  0.000000000000000E+000
   288.000000000000       7.875860308699202E-003  0.000000000000000E+000
   289.000000000000       7.848608196904396E-003  0.000000000000000E+000
   290.000000000000       7.821544030708174E-003  0.000000000000000E+000
   291.000000000000       7.794665872527046E-003  0.000000000000000E+000
   292.000000000000       7.767971811319761E-003  0.000000000000000E+000
   293.000000000000       7.741459962134370E-003  0.000000000000000E+000
   294.000000000000       7.715128465664524E-003  0.000000000000000E+000
   295.000000000000       7.688975487814814E-003  0.000000000000000E+000
   296.000000000000       7.662999219274899E-003  0.000000000000000E+000
   297.000000000000       7.637197875102256E-003  0.000000000000000E+000
   298.000000000000       7.611569694313322E-003  0.000000000000000E+000
   299.000000000000       7.586112939482843E-003  0.000000000000000E+000
   300.000000000000       7.560825896351234E-003  0.000000000000000E+000
   301.000000000000       7.535706873439768E-003  0.000000000000000E+000
   302.000000000000       7.510754201673411E-003  0.000000000000000E+000
   303.000000000000       7.485966234011122E-003  0.000000000000000E+000
   304.000000000000       7.461341345083455E-003  0.000000000000000E+000
   305.000000000000       7.436877930837279E-003  0.000000000000000E+000
   306.000000000000       7.412574408187485E-003  0.000000000000000E+000
   307.000000000000       7.388429214675473E-003  0.000000000000000E+000
   308.000000000000       7.364440808134319E-003  0.000000000000000E+000
   309.000000000000       7.340607666360422E-003  0.000000000000000E+000
   310.000000000000       7.316928286791517E-003  0.000000000000000E+000
