  0.000000000000000E+000 -0.448224436911760      -2.243818166408705E-018
  7.812500000000000E-003 -0.448497640796820      -6.864608422387811E-004
  1.562500000000000E-002 -0.449063174204679      -1.549243421263733E-003
  2.343750000000000E-002 -0.450074191803047      -2.355099992544173E-003
  3.125000000000000E-002 -0.451449937346133      -2.902829699777328E-003
  3.906250000000000E-002 -0.453959018789789      -3.558236543499324E-003
  4.687500000000000E-002 -0.457665656331722      -4.250617399055638E-003
  5.468750000000000E-002 -0.464607642773166      -3.800764933075376E-003
  6.250000000000000E-002 -0.481203872259145      -7.425276627698708E-003
  7.031250000000000E-002 -0.326117294017648      -5.311452008760775E-002
  7.812500000000000E-002 -0.471961412363693      -3.946119234745565E-002
  8.593750000000000E-002 -0.512072353678582      -0.278423113274692     
  9.375000000000000E-002 -0.393284957885855      -3.936007682153258E-003
  0.101562500000000      -0.428501468363692      -8.029597718713921E-003
  0.109375000000000      -0.440366579085891      -1.031034048186396E-002
  0.117187500000000      -0.449888613966031      -1.470813572961654E-002
  0.125000000000000      -0.457370839547019      -1.894302871681798E-002
  0.132812500000000      -0.463393483345124      -2.647915117596079E-002
  0.140625000000000      -0.468583704734408      -3.529229592549984E-002
  0.148437500000000      -0.469016622667774      -4.570338182661739E-002
  0.156250000000000      -0.465926445498399      -5.697759744366819E-002
  0.164062500000000      -0.459755086982617      -6.091320923512878E-002
  0.171875000000000      -0.456037845971852      -6.762143823732811E-002
  0.179687500000000      -0.444371365392998      -6.929999458898574E-002
  0.187500000000000      -0.440538682298489      -6.516368989517174E-002
  0.195312500000000      -0.439118586622993      -6.159132140140781E-002
  0.203125000000000      -0.440808150540989      -5.897137396129203E-002
  0.210937500000000      -0.443310398920304      -5.765738246191153E-002
  0.218750000000000      -0.448492404440567      -5.878112501400959E-002
  0.226562500000000      -0.450791250820898      -6.353672675311539E-002
  0.234375000000000      -0.449369121575104      -6.961045321857003E-002
  0.242187500000000      -0.444734747597823      -6.752860941233152E-002
  0.250000000000000      -0.446065074321480      -6.560771289849100E-002
  0.257812500000000      -0.449006395126875      -6.465830063633969E-002
  0.265625000000000      -0.452075208150624      -6.627311902351984E-002
  0.273437500000000      -0.453971435111164      -6.737027121366647E-002
  0.281250000000000      -0.456144360358322      -6.681214831626640E-002
  0.289062500000000      -0.461361838571996      -6.830867882346481E-002
  0.296875000000000      -0.464645801877674      -7.012259879326364E-002
  0.304687500000000      -0.468700531910199      -6.899427537820034E-002
  0.312500000000000      -0.479109306977379      -7.223087994787823E-002
  0.320312500000000      -0.486321714595896      -7.870250836928983E-002
  0.328125000000000      -0.492573151359515      -8.602785874931076E-002
  0.335937500000000      -0.497370374568259      -9.523491836358644E-002
  0.343750000000000      -0.500627810757308      -0.103770544580504     
  0.351562500000000      -0.503732269421700      -0.112278074692254     
  0.359375000000000      -0.506668397892086      -0.121564501218745     
  0.367187500000000      -0.509317577419399      -0.130926035218639     
  0.375000000000000      -0.512642481586994      -0.141869763558221     
  0.382812500000000      -0.515184386231011      -0.157228480682628     
  0.390625000000000      -0.508146687776364      -0.171826493578768     
  0.398437500000000      -0.503187922721618      -0.181770685685389     
  0.406250000000000      -0.498476715593663      -0.192042688058104     
  0.414062500000000      -0.491781165626387      -0.203491458734980     
  0.421875000000000      -0.482784934341197      -0.209910559743344     
  0.429687500000000      -0.476357989736461      -0.215625527023380     
  0.437500000000000      -0.470721538243921      -0.221516093140286     
  0.445312500000000      -0.465565298029361      -0.228248616560474     
  0.453125000000000      -0.458848658190118      -0.234762307424799     
  0.460937500000000      -0.452842035494919      -0.241043322624928     
  0.468750000000000      -0.446914387691808      -0.248685021680532     
  0.476562500000000      -0.437598615450457      -0.259162294118682     
  0.484375000000000      -0.426314150422107      -0.263453773370739     
  0.492187500000000      -0.416119265158551      -0.270407969575930     
  0.500000000000000      -0.401744950379356      -0.278537186203451     
  0.507812500000000      -0.379386765399567      -0.283451618561320     
  0.515625000000000      -0.358618327680444      -0.273675786493561     
  0.523437500000000      -0.341105529185601      -0.259464382683681     
  0.531250000000000      -0.335574524120048      -0.241934206849168     
  0.539062500000000      -0.336209791806163      -0.228832180309736     
  0.546875000000000      -0.340886224317187      -0.219941847952548     
  0.554687500000000      -0.343602661833835      -0.218475396710485     
  0.562500000000000      -0.343019900714668      -0.217478268661142     
  0.570312500000000      -0.340253731037060      -0.215787713234920     
  0.578125000000000      -0.336098384242867      -0.211784635993701     
  0.585937500000000      -0.334798174295750      -0.202771112604612     
  0.593750000000000      -0.338277161273566      -0.198270184075856     
  0.601562500000000      -0.340629125477574      -0.195630103877259     
  0.609375000000000      -0.342324799410859      -0.193603714139733     
  0.617187500000000      -0.343524747072757      -0.191771730473797     
  0.625000000000000      -0.344101911795335      -0.189323112364659     
  0.632812500000000      -0.345957160603419      -0.186483939499583     
  0.640625000000000      -0.348107877489533      -0.184039548610944     
  0.648437500000000      -0.350545494001299      -0.181645812231098     
  0.656250000000000      -0.353458833021606      -0.179122777493226     
  0.664062500000000      -0.357479129499080      -0.176050305159400     
  0.671875000000000      -0.363660652380348      -0.175500412283380     
  0.679687500000000      -0.368570622454500      -0.176059915287364     
  0.687500000000000      -0.373187033692339      -0.176881968022987     
  0.695312500000000      -0.377928041336149      -0.177884336138171     
  0.703125000000000      -0.383348982637423      -0.179202872098672     
  0.710937500000000      -0.389722251144993      -0.183421750740481     
  0.718750000000000      -0.392789290412790      -0.188017571865859     
  0.726562500000000      -0.395481288083600      -0.191726789682082     
  0.734375000000000      -0.398309021898261      -0.195205283219920     
  0.742187500000000      -0.401156551866438      -0.199010083980567     
  0.750000000000000      -0.402944085531872      -0.202911207246430     
  0.757812500000000      -0.406728855990848      -0.204271973196693     
  0.765625000000000      -0.411499626858652      -0.209168881012450     
  0.773437500000000      -0.415111178697945      -0.215049455257470     
  0.781250000000000      -0.417869663749028      -0.221282073188124     
  0.789062500000000      -0.420091288258374      -0.227572100229697     
  0.796875000000000      -0.422540085501646      -0.233886381650451     
  0.804687500000000      -0.424814537755446      -0.243624215772309     
  0.812500000000000      -0.423083299203537      -0.252520920469920     
  0.820312500000000      -0.420176308378643      -0.260348483087241     
  0.828125000000000      -0.416016690505038      -0.267286910045313     
  0.835937500000000      -0.410294531620936      -0.272973115541241     
  0.843750000000000      -0.402454935815141      -0.276240648558777     
  0.851562500000000      -0.393155975754608      -0.270298935990365     
  0.859375000000000      -0.397383266687878      -0.265514793612526     
  0.867187500000000      -0.400941148834712      -0.265272856855066     
  0.875000000000000      -0.403973636272372      -0.266261648486337     
  0.882812500000000      -0.406772896079597      -0.267498362739098     
  0.890625000000000      -0.409829741044480      -0.268303488034963     
  0.898437500000000      -0.414517382735528      -0.267907196923798     
  0.906250000000000      -0.425691128255971      -0.271545592169482     
  0.914062500000000      -0.430630847775198      -0.280145313485006     
  0.921875000000000      -0.433733209392314      -0.287519723660099     
  0.929687500000000      -0.436169514785719      -0.294164403443381     
  0.937500000000000      -0.438358658618833      -0.300207431158206     
  0.945312500000000      -0.440550882652193      -0.305632316035703     
  0.953125000000000      -0.443045520316138      -0.310144994039340     
  0.960937500000000      -0.447452267965120      -0.313877596960387     
  0.968750000000000      -0.452885388899649      -0.318369501330115     
  0.976562500000000      -0.459515775789593      -0.322885699175877     
  0.984375000000000      -0.468005794856536      -0.327474653302382     
  0.992187500000000      -0.479293074726553      -0.332485934094901     
   1.00000000000000      -0.494745345607142      -0.338799623596779     
   1.00781250000000      -0.516535937087955      -0.348559449419220     
   1.01562500000000      -0.549330743245976      -0.369335597271403     
   1.02343750000000      -0.566538551208738      -0.415729101532283     
   1.03125000000000      -0.571335071472994      -0.457910072793455     
   1.03906250000000      -0.570076873500732      -0.500184725041045     
   1.04687500000000      -0.563235677166601      -0.543475228335356     
   1.05468750000000      -0.550233404310656      -0.588367865771657     
   1.06250000000000      -0.529427311131095      -0.635240853644211     
   1.07031250000000      -0.497350434567772      -0.684057737667219     
   1.07812500000000      -0.440803337968275      -0.731238510913825     
   1.08593750000000      -0.377403813716777      -0.743099512826286     
   1.09375000000000      -0.324227354168204      -0.743276180591162     
   1.10156250000000      -0.278017740849057      -0.736408776532633     
   1.10937500000000      -0.237769625096629      -0.724753983874328     
   1.11718750000000      -0.202821235370552      -0.709660949639745     
   1.12500000000000      -0.172744079060927      -0.691928809783906     
   1.13281250000000      -0.147432027033593      -0.671930827322653     
   1.14062500000000      -0.127874625901774      -0.649095375895045     
   1.14843750000000      -0.117319485133794      -0.630624095603373     
   1.15625000000000      -0.106876289092956      -0.615662270480093     
   1.16406250000000      -9.726542012633649E-002 -0.602021888566005     
   1.17187500000000      -8.858115928887227E-002 -0.589203846216121     
   1.17968750000000      -8.089447829944882E-002 -0.576996924082771     
   1.18750000000000      -7.424977593568953E-002 -0.565408672852264     
   1.19531250000000      -6.839968458045820E-002 -0.554727221194748     
   1.20312500000000      -6.120320518921338E-002 -0.544982215697305     
   1.21093750000000      -5.717350774638692E-002 -0.523615516604625     
   1.21875000000000      -6.603933362561916E-002 -0.515338943341532     
   1.22656250000000      -7.064473721486171E-002 -0.513826703539667     
   1.23437500000000      -7.191906643316298E-002 -0.515107587921840     
   1.24218750000000      -7.035975069747016E-002 -0.518002794414990     
   1.25000000000000      -6.600151713200615E-002 -0.521934005676748     
   1.25781250000000      -5.851073251250336E-002 -0.526374348053967     
   1.26562500000000      -4.717811520593924E-002 -0.530487736031635     
   1.27343750000000      -3.073912643202884E-002 -0.532416679050892     
   1.28125000000000      -1.040387539046113E-002 -0.523078864556626     
   1.28906250000000      -8.128393757505888E-004 -0.511231119507196     
   1.29687500000000       6.982570901487569E-003 -0.501464376034959     
   1.30468750000000       1.418754999745549E-002 -0.492364287288321     
   1.31250000000000       2.110410698090897E-002 -0.483310899415877     
   1.32031250000000       2.777006359101469E-002 -0.473889799506876     
   1.32812500000000       3.407948134648538E-002 -0.463758343813179     
   1.33593750000000       3.979851822791643E-002 -0.452570750501793     
   1.34375000000000       4.449774595825572E-002 -0.439846997996901     
   1.35156250000000       4.700323851422643E-002 -0.424083718620050     
   1.35937500000000       4.057597950308028E-002 -0.411185773320462     
   1.36718750000000       3.576459504354162E-002 -0.403483480526555     
   1.37500000000000       3.184357163511973E-002 -0.397406356566261     
   1.38281250000000       2.847280862776289E-002 -0.392333983810690     
   1.39062500000000       2.546748830629332E-002 -0.387987203062538     
   1.39843750000000       2.269507485431592E-002 -0.384221072496980     
   1.40625000000000       2.004081490934352E-002 -0.380970696792501     
   1.41406250000000       1.738658338484460E-002 -0.378246081845454     
   1.42187500000000       1.458125230614214E-002 -0.376184661336769     
   1.42968750000000       1.129384977175472E-002 -0.375552133511024     
   1.43750000000000       1.071484788288050E-002 -0.376484857358256     
   1.44531250000000       1.085592917006041E-002 -0.376370649145823     
   1.45312500000000       1.129275362923943E-002 -0.375901345899954     
   1.46093750000000       1.188703005535620E-002 -0.375186043836631     
   1.46875000000000       1.252718329808326E-002 -0.374277463361024     
   1.47656250000000       1.310242971097125E-002 -0.373219312445639     
   1.48437500000000       1.348618165343537E-002 -0.372065948661239     
   1.49218750000000       1.351248694699425E-002 -0.370903295260417     
   1.50000000000000       1.291885266413166E-002 -0.369895120708798     
   1.50781250000000       1.110076340832949E-002 -0.369479963501223     
   1.51562500000000       8.717281798318701E-003 -0.373464927342193     
   1.52343750000000       1.068839568164761E-002 -0.377633215684794     
   1.53125000000000       1.390360456105332E-002 -0.380931843819925     
   1.53906250000000       1.801132813671068E-002 -0.383657101783252     
   1.54687500000000       2.292846548020578E-002 -0.385859541504034     
   1.55468750000000       2.865922453909434E-002 -0.387481685733875     
   1.56250000000000       3.525184955255707E-002 -0.388360722637366     
   1.57031250000000       4.277148462641545E-002 -0.388177779407009     
   1.57812500000000       5.124858545226570E-002 -0.386326767347465     
   1.58593750000000       6.050740818773290E-002 -0.381551308753240     
   1.59375000000000       6.916910707976018E-002 -0.370417570843292     
   1.60156250000000       5.919144082112413E-002 -0.354221483716799     
   1.60937500000000       4.465424958317178E-002 -0.361239804944775     
   1.61718750000000       4.717686088873416E-002 -0.381175247775909     
   1.62500000000000       6.813396664619538E-002 -0.391386776020051     
   1.63281250000000       8.955459225112310E-002 -0.386049751671641     
   1.64062500000000       0.104333631750257      -0.373784260061518     
   1.64843750000000       0.113720600049268      -0.359809250146665     
   1.65625000000000       0.119617565147088      -0.345611744014804     
   1.66406250000000       0.123081877488259      -0.331284806659213     
   1.67187500000000       0.124434710920841      -0.316450215803831     
   1.67968750000000       0.123228478919037      -0.300357917038144     
   1.68750000000000       0.114612944181020      -0.281093712742964     
   1.69531250000000       0.100417783888592      -0.274604894043537     
   1.70312500000000       9.041228101051457E-002 -0.271181444711869     
   1.71093750000000       8.213636081670807E-002 -0.269048279683033     
   1.71875000000000       7.490783461050950E-002 -0.267725563563646     
   1.72656250000000       6.837078525012348E-002 -0.266992070739523     
   1.73437500000000       6.229113783665339E-002 -0.266732768501972     
   1.74218750000000       5.648766547294801E-002 -0.266891834336423     
   1.75000000000000       5.079708983133623E-002 -0.267457626094620     
   1.75781250000000       4.504661871781272E-002 -0.268465946842860     
   1.76562500000000       3.901662044266274E-002 -0.270029822839897     
   1.77343750000000       3.235225367812792E-002 -0.272459353037250     
   1.78125000000000       2.401036737864828E-002 -0.277557587604882     
   1.78906250000000       2.073883690958797E-002 -0.285305254211131     
   1.79687500000000       1.775278154046151E-002 -0.291508845948577     
   1.80468750000000       1.466669154739305E-002 -0.297954307555044     
   1.81250000000000       1.152129325152535E-002 -0.305274843370358     
   1.82031250000000       8.533411262040326E-003 -0.314000268472610     
   1.82812500000000       6.148407449528232E-003 -0.324634337251862     
   1.83593750000000       5.129397004786570E-003 -0.337593426172212     
   1.84375000000000       6.623281058219178E-003 -0.353021999937780     
   1.85156250000000       1.209353071114431E-002 -0.370490288398678     
   1.85937500000000       2.298734592072370E-002 -0.388700234562537     
   1.86718750000000       4.017801235378339E-002 -0.405482869410873     
   1.87500000000000       6.365093205113347E-002 -0.418246197678536     
   1.88281250000000       9.380972282648853E-002 -0.422178795982555     
   1.89062500000000       0.118711873594317      -0.414292867338240     
   1.89843750000000       0.137395141987284      -0.403424197562675     
   1.90625000000000       0.151647606694679      -0.391813628893464     
   1.91406250000000       0.162788857578221      -0.380397657319435     
   1.92187500000000       0.171775823449732      -0.369499708805431     
   1.92968750000000       0.179264268807244      -0.359160708754481     
   1.93750000000000       0.185685217774086      -0.349302238206937     
   1.94531250000000       0.191309403699478      -0.339804547467745     
   1.95312500000000       0.196293341480168      -0.330542674742510     
   1.96093750000000       0.200708640405976      -0.321402683711186     
   1.96875000000000       0.204555810780407      -0.312288670787693     
   1.97656250000000       0.207753339347985      -0.303123962390545     
   1.98437500000000       0.209903372155097      -0.293803882132900     
   1.99218750000000       0.211189856481735      -0.285862564572068     
   2.00000000000000       0.212724527557322      -0.278230307932588     
   2.00781250000000       0.214181361196026      -0.270684632853704     
   2.01562500000000       0.215465885970623      -0.263163337469413     
   2.02343750000000       0.216520398016333      -0.255635925206757     
   2.03125000000000       0.217299102447898      -0.248086417341457     
   2.03906250000000       0.217759716446700      -0.240508000634293     
   2.04687500000000       0.217859278489145      -0.232900864596040     
   2.05468750000000       0.217550857614619      -0.225271105693368     
   2.06250000000000       0.216779196371942      -0.217629921083224     
   2.07031250000000       0.215472317995713      -0.209992609664053     
   2.07812500000000       0.213520753694764      -0.202376530970802     
   2.08593750000000       0.210706779560989      -0.194793965406456     
   2.09375000000000       0.205903256459713      -0.187271061354665     
   2.10156250000000       0.200843659998674      -0.183570467232407     
   2.10937500000000       0.197242128699245      -0.180200503335869     
   2.11718750000000       0.194193643136333      -0.176983171949022     
   2.12500000000000       0.191471520983138      -0.173871588449141     
   2.13281250000000       0.188962514630933      -0.170842864763769     
   2.14062500000000       0.186596149080863      -0.167883961054150     
   2.14843750000000       0.184322327139692      -0.164987214606909     
   2.15625000000000       0.182101554907461      -0.162148542758131     
   2.16406250000000       0.179899544065027      -0.159366716549011     
   2.17187500000000       0.177683301808931      -0.156643246436963     
   2.17968750000000       0.175417035579696      -0.153982847071928     
   2.18750000000000       0.173055643663391      -0.151394864100889     
   2.19531250000000       0.170529362858070      -0.148897220656197     
   2.20312500000000       0.167684581982294      -0.146531293819524     
   2.21093750000000       0.164042010719546      -0.145086280771809     
   2.21875000000000       0.161581663822573      -0.144674924609823     
   2.22656250000000       0.159698224476715      -0.144158673656731     
   2.23437500000000       0.158146862184871      -0.143570678754053     
   2.24218750000000       0.156834330030638      -0.142920605864485     
   2.25000000000000       0.155707361134806      -0.142212646641444     
   2.25781250000000       0.154729521266072      -0.141449182697344     
   2.26562500000000       0.153872947249536      -0.140632242949421     
   2.27343750000000       0.153114601414328      -0.139764414242098     
   2.28125000000000       0.152434346839580      -0.138849677994347     
   2.28906250000000       0.151813946849384      -0.137894425197753     
   2.29687500000000       0.151236703934613      -0.136908939374049     
   2.30468750000000       0.150687821638427      -0.135909932053195     
   2.31250000000000       0.150156228318531      -0.134925786397691     
   2.32031250000000       0.149641576862044      -0.134011248093830     
   2.32812500000000       0.149214129527662      -0.133341851954324     
   2.33593750000000       0.149365025002354      -0.132488079852785     
   2.34375000000000       0.149451582700544      -0.131385877749197     
   2.35156250000000       0.149554536180967      -0.130175876420982     
   2.35937500000000       0.149680223592338      -0.128867797821252     
   2.36718750000000       0.149824110774247      -0.127461854258417     
   2.37500000000000       0.149977404394600      -0.125955640915515     
   2.38281250000000       0.150128648533949      -0.124346070651479     
   2.39062500000000       0.150264195259708      -0.122630249657281     
   2.39843750000000       0.150368313095066      -0.120806039608478     
   2.40625000000000       0.150423138501065      -0.118872503226452     
   2.41406250000000       0.150408500812000      -0.116830272589304     
   2.42187500000000       0.150301522729715      -0.114681792482078     
   2.42968750000000       0.150075654243244      -0.112431262068474     
   2.43750000000000       0.149698036517864      -0.110083707459808     
   2.44531250000000       0.149120622171281      -0.107640727605873     
   2.45312500000000       0.148226323791842      -0.105070003902013     
   2.46093750000000       0.146641981786586      -0.102956614411106     
   2.46875000000000       0.145363614289465      -0.101318566226623     
   2.47656250000000       0.144223637249891      -9.977765685319527E-002
   2.48437500000000       0.143161162632330      -9.829285533298097E-002
   2.49218750000000       0.142148673436001      -9.684668762577843E-002
   2.50000000000000       0.141169997489603      -9.542983266358475E-002
   2.53125000000000       0.137412407410503      -8.997677668179847E-002
   2.56250000000000       0.133649507481460      -8.484524147666973E-002
   2.59375000000000       0.129747519671437      -8.044251389448880E-002
   2.62500000000000       0.126604107484392      -7.628623137285136E-002
   2.65625000000000       0.123439709416311      -7.194732679674319E-002
   2.68750000000000       0.120036054397906      -6.758775602431294E-002
   2.71875000000000       0.116126224491984      -6.333602595613087E-002
   2.75000000000000       0.111849874383394      -6.028897811602373E-002
   2.78125000000000       0.108272925391489      -5.738358295114671E-002
   2.81250000000000       0.104642820198210      -5.442850220874226E-002
   2.84375000000000       0.100648507015287      -5.153707639475603E-002
   2.87500000000000       9.534884743951363E-002 -4.914055390943961E-002
   2.90625000000000       9.123171701818751E-002 -4.953967833245796E-002
   2.93750000000000       8.850211943333877E-002 -4.963808353329003E-002
   2.96875000000000       8.645416924629336E-002 -4.955968311623496E-002
   3.00000000000000       8.497971004239005E-002 -4.935549393209300E-002
   3.03125000000000       8.460319486909489E-002 -4.883495480905949E-002
   3.06250000000000       8.381526616687270E-002 -4.672632002246280E-002
   3.09375000000000       8.245453465025193E-002 -4.460943260592533E-002
   3.12500000000000       8.078274560478117E-002 -4.247388229972413E-002
   3.15625000000000       7.878270464567588E-002 -4.031744783959697E-002
   3.18750000000000       7.610954047684784E-002 -3.811715510547000E-002
   3.21875000000000       7.314764209039676E-002 -3.745505576367862E-002
   3.25000000000000       7.094217811729768E-002 -3.692294104983537E-002
   3.28125000000000       6.900593574865752E-002 -3.644063214726496E-002
   3.31250000000000       6.725601518336805E-002 -3.602816240062256E-002
   3.34375000000000       6.569117324904644E-002 -3.574869706468009E-002
   3.37500000000000       6.470493639987425E-002 -3.551688404264203E-002
   3.40625000000000       6.378924528907359E-002 -3.478125918262501E-002
   3.43750000000000       6.278897653493973E-002 -3.388915517612160E-002
   3.46875000000000       6.170227801388661E-002 -3.289287327962192E-002
   3.50000000000000       6.049256987409984E-002 -3.181421261724107E-002
   3.53125000000000       5.903815030776485E-002 -3.065245023904239E-002
   3.56250000000000       5.725799821959297E-002 -3.000488744512054E-002
   3.59375000000000       5.580927243110071E-002 -2.952365789705490E-002
   3.62500000000000       5.446344923885937E-002 -2.905628047046614E-002
   3.65625000000000       5.316220941207794E-002 -2.859992709377799E-002
   3.68750000000000       5.186301418261786E-002 -2.816020844548154E-002
   3.71875000000000       5.047890646596249E-002 -2.775474691901616E-002
   3.75000000000000       4.911044393277764E-002 -2.775162937195049E-002
   3.78125000000000       4.804477335926925E-002 -2.777319617907630E-002
   3.81250000000000       4.711804156299389E-002 -2.778650849360987E-002
   3.84375000000000       4.630604761897247E-002 -2.780046471361911E-002
   3.87500000000000       4.561330641643475E-002 -2.782606381522443E-002
   3.90625000000000       4.509499211937745E-002 -2.788803618013986E-002
   3.93750000000000       4.499032002932976E-002 -2.767221891227260E-002
   3.96875000000000       4.463780701404362E-002 -2.710153877084330E-002
   4.00000000000000       4.414513535350335E-002 -2.647311153633897E-002
   4.03125000000000       4.354464367559341E-002 -2.580424847281636E-002
   4.06250000000000       4.282995807170617E-002 -2.510153622048597E-002
   4.09375000000000       4.196057513079243E-002 -2.436444350120052E-002
   4.12500000000000       4.069670052761695E-002 -2.356065448650245E-002
   4.15625000000000       3.930539849176804E-002 -2.362783516778496E-002
   4.18750000000000       3.830744310273769E-002 -2.377104587294533E-002
   4.21875000000000       3.747837850364948E-002 -2.394884887905539E-002
   4.25000000000000       3.677671242284766E-002 -2.415919432504954E-002
   4.28125000000000       3.619579050155768E-002 -2.440904125433350E-002
   4.31250000000000       3.576099175619783E-002 -2.471780721938353E-002
   4.34375000000000       3.570672439517988E-002 -2.512914729604217E-002
   4.37500000000000       3.581783114575333E-002 -2.492280791921956E-002
   4.40625000000000       3.572434018625269E-002 -2.461280102359386E-002
   4.43750000000000       3.554113410856669E-002 -2.425581818567018E-002
   4.46875000000000       3.529207178948473E-002 -2.386834347574425E-002
   4.50000000000000       3.498262515607832E-002 -2.345953561855639E-002
   4.53125000000000       3.460590431720080E-002 -2.303599676300821E-002
   4.56250000000000       3.412100596235868E-002 -2.260296651050047E-002
   4.59375000000000       3.353207366542989E-002 -2.239305410437239E-002
   4.62500000000000       3.308743590827475E-002 -2.223258718930485E-002
   4.65625000000000       3.268785951199542E-002 -2.206903638873105E-002
   4.68750000000000       3.231499452350232E-002 -2.190355537119290E-002
   4.71875000000000       3.196194102691006E-002 -2.173802210741932E-002
   4.75000000000000       3.162683750110671E-002 -2.157512187531256E-002
   4.78125000000000       3.131371417101930E-002 -2.141962106784590E-002
   4.81250000000000       3.106783388687777E-002 -2.126929568784319E-002
   4.84375000000000       3.082606390800624E-002 -2.102149452796467E-002
   4.87500000000000       3.055065005867945E-002 -2.075658031443402E-002
   4.90625000000000       3.025342967090992E-002 -2.048192746975735E-002
   4.93750000000000       2.993473828970330E-002 -2.020023421864898E-002
   4.96875000000000       2.959094822545532E-002 -1.991307472342380E-002
   5.00000000000000       2.921365931371270E-002 -1.962141774169713E-002
   5.03125000000000       2.878238015194451E-002 -1.932533492105990E-002
   5.06250000000000       2.818126883820183E-002 -1.907512165890480E-002
   5.09375000000000       2.766744489785040E-002 -1.908872861240529E-002
   5.12500000000000       2.726199758597123E-002 -1.911096820484065E-002
   5.15625000000000       2.691422814049743E-002 -1.913918745910253E-002
   5.18750000000000       2.661101870004140E-002 -1.917410218417528E-002
   5.21875000000000       2.634869425795395E-002 -1.921759515390271E-002
   5.25000000000000       2.612978369804428E-002 -1.927296864084209E-002
   5.28125000000000       2.596610430821879E-002 -1.934662253906945E-002
   5.31250000000000       2.590476747170127E-002 -1.945783823182527E-002
   5.34375000000000       2.605579481816922E-002 -1.936448008843122E-002
   5.37500000000000       2.606043180327352E-002 -1.912863406473014E-002
   5.40625000000000       2.600209750068980E-002 -1.886391974700460E-002
   5.43750000000000       2.589869232961562E-002 -1.857946550742699E-002
   5.46875000000000       2.575492824153837E-002 -1.827959557344979E-002
   5.50000000000000       2.556975196350828E-002 -1.796690243137142E-002
   5.53125000000000       2.533664509112556E-002 -1.764295406433148E-002
   5.56250000000000       2.503836654966218E-002 -1.730804118714133E-002
   5.59375000000000       2.459982652724943E-002 -1.695587255152565E-002
   5.62500000000000       2.407085592888641E-002 -1.692886039688321E-002
   5.65625000000000       2.371543432208231E-002 -1.694218819479039E-002
   5.68750000000000       2.342283970444736E-002 -1.696197684930154E-002
   5.71875000000000       2.317314548950298E-002 -1.698614572995006E-002
   5.75000000000000       2.295855053060473E-002 -1.701414766261691E-002
   5.78125000000000       2.277640369182138E-002 -1.704611960794976E-002
   5.81250000000000       2.262798580107019E-002 -1.708279617918001E-002
   5.84375000000000       2.252044338418261E-002 -1.712591415889561E-002
   5.87500000000000       2.248073858521009E-002 -1.718066565351516E-002
   5.90625000000000       2.257198379870984E-002 -1.710236166940998E-002
   5.93750000000000       2.255460338167695E-002 -1.692743578985130E-002
   5.96875000000000       2.249284541347578E-002 -1.674333290321779E-002
   6.00000000000000       2.240262726594295E-002 -1.655343939986840E-002
   6.03125000000000       2.228911448864496E-002 -1.635925278777064E-002
   6.06250000000000       2.215353845926079E-002 -1.616162057629500E-002
   6.09375000000000       2.199444244553377E-002 -1.596103437254105E-002
   6.12500000000000       2.180703358336624E-002 -1.575766302178848E-002
   6.15625000000000       2.157923758263759E-002 -1.555108123168075E-002
   6.18750000000000       2.125947496685146E-002 -1.533750964110010E-002
   6.21875000000000       2.088410948806006E-002 -1.535176098133260E-002
   6.25000000000000       2.063538803880844E-002 -1.539359925771303E-002
   6.28125000000000       2.043390854549057E-002 -1.543972301601503E-002
   6.31250000000000       2.026539743476203E-002 -1.548910682944179E-002
   6.34375000000000       2.012410406399662E-002 -1.554150657866442E-002
   6.37500000000000       2.000771533879897E-002 -1.559702974934112E-002
   6.40625000000000       1.991615287405985E-002 -1.565607420365222E-002
   6.43750000000000       1.985173921679817E-002 -1.571943862534133E-002
   6.46875000000000       1.982122968960152E-002 -1.578876919988943E-002
   6.50000000000000       1.984804762666685E-002 -1.586899511592680E-002
   6.53125000000000       1.997961713370828E-002 -1.583851611222536E-002
   6.56250000000000       2.002865400124553E-002 -1.573711672356789E-002
   6.59375000000000       2.004785532097230E-002 -1.562838111634013E-002
   6.62500000000000       2.005014638308396E-002 -1.551518398014258E-002
   6.65625000000000       2.004070098628970E-002 -1.539882820562336E-002
   6.68750000000000       2.002216232025531E-002 -1.528009994023182E-002
   6.71875000000000       1.999597597988879E-002 -1.515955286743188E-002
   6.75000000000000       1.996284562206500E-002 -1.503762234677635E-002
   6.78125000000000       1.992281634694390E-002 -1.491468423275628E-002
   6.81250000000000       1.987488023279106E-002 -1.479109229091028E-002
   6.84375000000000       1.981249364861915E-002 -1.466712664835444E-002
   6.87500000000000       1.974599579009460E-002 -1.457180055539904E-002
   6.90625000000000       1.969230370895866E-002 -1.447688520721460E-002
   6.93750000000000       1.964245653394310E-002 -1.438150585691784E-002
   6.96875000000000       1.959477541949996E-002 -1.428573709229002E-002
   7.00000000000000       1.954852969821566E-002 -1.418967958135451E-002
   7.03125000000000       1.950333224833722E-002 -1.409344787971942E-002
   7.06250000000000       1.945896365026152E-002 -1.399717423713945E-002
   7.09375000000000       1.941530997455146E-002 -1.390102124505864E-002
   7.12500000000000       1.937235307678268E-002 -1.380521069714783E-002
   7.15625000000000       1.933022552477439E-002 -1.371010360560593E-002
   7.18750000000000       1.928957562882477E-002 -1.361659080160595E-002
   7.21875000000000       1.925512508533399E-002 -1.352208830534553E-002
   7.25000000000000       1.922002613078298E-002 -1.342276866319356E-002
   7.28125000000000       1.918395095433238E-002 -1.332188704420702E-002
   7.31250000000000       1.914699689823580E-002 -1.321992479841723E-002
   7.34375000000000       1.910907065227637E-002 -1.311711151152756E-002
   7.37500000000000       1.906997858610010E-002 -1.301358866311438E-002
   7.40625000000000       1.902942313994952E-002 -1.290945320205323E-002
   7.43750000000000       1.898695868765694E-002 -1.280477271088597E-002
   7.46875000000000       1.894188787441328E-002 -1.269958790839137E-002
   7.50000000000000       1.889300836245461E-002 -1.259390127428242E-002
   7.53125000000000       1.883781426495745E-002 -1.248762437836329E-002
   7.56250000000000       1.876715341382720E-002 -1.238016549520779E-002
   7.59375000000000       1.868253015639524E-002 -1.231591082471153E-002
   7.62500000000000       1.862663128692952E-002 -1.226013955811851E-002
   7.65625000000000       1.858196713219419E-002 -1.220502179949404E-002
   7.68750000000000       1.854535560932648E-002 -1.215045892864783E-002
   7.71875000000000       1.851554034264031E-002 -1.209648455685596E-002
   7.75000000000000       1.849200640861061E-002 -1.204318482995635E-002
   7.78125000000000       1.847467079578174E-002 -1.199068369611682E-002
   7.81250000000000       1.846380749028811E-002 -1.193914669731204E-002
   7.84375000000000       1.846010255292196E-002 -1.188879891462258E-002
   7.87500000000000       1.846488275485166E-002 -1.183996809007378E-002
   7.90625000000000       1.848080756886247E-002 -1.179320008334139E-002
   7.93750000000000       1.851483620559624E-002 -1.174972494904681E-002
   7.96875000000000       1.859593576134117E-002 -1.168051809353444E-002
   8.00000000000000       1.864882678740268E-002 -1.156486068589063E-002
   8.03125000000000       1.868577246365733E-002 -1.144624801545371E-002
   8.06250000000000       1.871448814507625E-002 -1.132600080085960E-002
   8.09375000000000       1.873782611042305E-002 -1.120467528057632E-002
   8.12500000000000       1.875732633192692E-002 -1.108261609136147E-002
   8.15625000000000       1.877399146193321E-002 -1.096008414602109E-002
   8.18750000000000       1.878857189497913E-002 -1.083730850019584E-002
   8.21875000000000       1.880170936968417E-002 -1.071451824759569E-002
   8.25000000000000       1.881404085995574E-002 -1.059197407612566E-002
   8.28125000000000       1.882632279391405E-002 -1.047001826664675E-002
   8.31250000000000       1.883968809417033E-002 -1.034919269951349E-002
   8.34375000000000       1.885660989228893E-002 -1.023069391286510E-002
   8.37500000000000       1.889083393647388E-002 -1.010868407020490E-002
   8.40625000000000       1.891917283164896E-002 -9.964991191767100E-003
   8.43750000000000       1.893971435252410E-002 -9.817395550268771E-003
   8.46875000000000       1.895529171124703E-002 -9.667398177016624E-003
   8.50000000000000       1.896694514925590E-002 -9.515586310465420E-003
   8.53125000000000       1.897524047612878E-002 -9.362294558290470E-003
   8.56250000000000       1.898054218396829E-002 -9.207746490841081E-003
   8.59375000000000       1.898310929314144E-002 -9.052105042179761E-003
   8.62500000000000       1.898313775961905E-002 -8.895494410603347E-003
   8.65625000000000       1.898078142713927E-002 -8.738009501691200E-003
   8.68750000000000       1.897616141108550E-002 -8.579716921358367E-003
   8.71875000000000       1.896936483784720E-002 -8.420644129796649E-003
   8.75000000000000       1.896041993107969E-002 -8.260733558516640E-003
   8.78125000000000       1.894912552165099E-002 -8.099563535133988E-003
   8.81250000000000       1.893230028389346E-002 -7.938794550178773E-003
   8.84375000000000       1.891512898031370E-002 -7.781413639589610E-003
   8.87500000000000       1.889792354601092E-002 -7.624772779254439E-003
   8.90625000000000       1.888060310799086E-002 -7.468552012844839E-003
   8.93750000000000       1.886329497542593E-002 -7.312646546834164E-003
   8.96875000000000       1.884623700666351E-002 -7.157023826669997E-003
   9.00000000000000       1.882977011527565E-002 -7.001688783696717E-003
   9.03125000000000       1.881436137116807E-002 -6.846673277755138E-003
   9.06250000000000       1.880065465708350E-002 -6.692035123186842E-003
   9.09375000000000       1.878956468860287E-002 -6.537864097291622E-003
   9.12500000000000       1.878245814628187E-002 -6.384297623379115E-003
   9.15625000000000       1.878154395595565E-002 -6.231557161560510E-003
   9.18750000000000       1.879089554080611E-002 -6.080045399806933E-003
   9.21875000000000       1.882039536897392E-002 -5.930722726827421E-003
   9.25000000000000       1.891882964648986E-002 -5.748830926463693E-003
   9.28125000000000       1.896664263614649E-002 -5.474457495678657E-003
   9.31250000000000       1.897356017296643E-002 -5.195849453514264E-003
   9.34375000000000       1.895558334439464E-002 -4.914830358165374E-003
   9.37500000000000       1.891778280261432E-002 -4.632102564474772E-003
   9.40625000000000       1.886247303503764E-002 -4.348078962533259E-003
   9.43750000000000       1.879076028360377E-002 -4.063049476713541E-003
   9.46875000000000       1.870304416423365E-002 -3.777240138689924E-003
   9.50000000000000       1.859919874589817E-002 -3.490840064980810E-003
   9.53125000000000       1.847860502448063E-002 -3.204015890850067E-003
   9.56250000000000       1.834006911811747E-002 -2.916920438808950E-003
   9.59375000000000       1.818158538166145E-002 -2.629698341153843E-003
   9.62500000000000       1.799977875126438E-002 -2.342489449077977E-003
   9.65625000000000       1.778843778991299E-002 -2.055428257697297E-003
   9.68750000000000       1.753312640061326E-002 -1.768622720512602E-003
   9.71875000000000       1.715860673258928E-002 -1.524323561906999E-003
   9.75000000000000       1.684831730535710E-002 -1.444576366801563E-003
   9.78125000000000       1.659738735680415E-002 -1.365568052432930E-003
   9.81250000000000       1.637317051859569E-002 -1.286949482259710E-003
   9.84375000000000       1.616560541823777E-002 -1.208607575192578E-003
   9.87500000000000       1.596959250352826E-002 -1.130484794885910E-003
   9.90625000000000       1.578199428768627E-002 -1.052546924343198E-003
   9.93750000000000       1.560063857397339E-002 -9.747720517561201E-004
   9.96875000000000       1.542388088831302E-002 -8.971457113531234E-004
   10.0000000000000       1.525037226490529E-002 -8.196584162965258E-004
   11.0000000000000       1.386397478627754E-002  0.000000000000000E+000
   12.0000000000000       1.270864355408774E-002  0.000000000000000E+000
   13.0000000000000       1.173105558838869E-002  0.000000000000000E+000
   14.0000000000000       1.089312304636092E-002  0.000000000000000E+000
   15.0000000000000       1.016691484327019E-002  0.000000000000000E+000
   16.0000000000000       9.531482665565806E-003  0.000000000000000E+000
   17.0000000000000       8.970807214650170E-003  0.000000000000000E+000
   18.0000000000000       8.472429036058495E-003  0.000000000000000E+000
   19.0000000000000       8.026511718371205E-003  0.000000000000000E+000
   20.0000000000000       7.625186132452645E-003  0.000000000000000E+000
   21.0000000000000       7.262082030907282E-003  0.000000000000000E+000
   22.0000000000000       6.931987393138769E-003  0.000000000000000E+000
   23.0000000000000       6.630596636915343E-003  0.000000000000000E+000
   24.0000000000000       6.354321777043871E-003  0.000000000000000E+000
   25.0000000000000       6.100148905962116E-003  0.000000000000000E+000
   26.0000000000000       5.865527794194343E-003  0.000000000000000E+000
   27.0000000000000       5.648286024038996E-003  0.000000000000000E+000
   28.0000000000000       5.446561523180461E-003  0.000000000000000E+000
   29.0000000000000       5.258749056863893E-003  0.000000000000000E+000
   30.0000000000000       5.083457421635097E-003  0.000000000000000E+000
   31.0000000000000       4.919474924162997E-003  0.000000000000000E+000
   32.0000000000000       4.765741332782903E-003  0.000000000000000E+000
   33.0000000000000       4.621324928759179E-003  0.000000000000000E+000
   34.0000000000000       4.485403607325085E-003  0.000000000000000E+000
   35.0000000000000       4.357249218544369E-003  0.000000000000000E+000
   36.0000000000000       4.236214518029247E-003  0.000000000000000E+000
   37.0000000000000       4.121722233758187E-003  0.000000000000000E+000
   38.0000000000000       4.013255859185602E-003  0.000000000000000E+000
   39.0000000000000       3.910351862796228E-003  0.000000000000000E+000
   40.0000000000000       3.812593066226323E-003  0.000000000000000E+000
   41.0000000000000       3.719602991440315E-003  0.000000000000000E+000
   42.0000000000000       3.631041015453641E-003  0.000000000000000E+000
   43.0000000000000       3.546598201140765E-003  0.000000000000000E+000
   44.0000000000000       3.465993696569384E-003  0.000000000000000E+000
   45.0000000000000       3.388971614423398E-003  0.000000000000000E+000
   46.0000000000000       3.315298318457672E-003  0.000000000000000E+000
   47.0000000000000       3.244760056362828E-003  0.000000000000000E+000
   48.0000000000000       3.177160888521935E-003  0.000000000000000E+000
   49.0000000000000       3.112320870388835E-003  0.000000000000000E+000
   50.0000000000000       3.050074452981058E-003  0.000000000000000E+000
   51.0000000000000       2.990269071550057E-003  0.000000000000000E+000
   52.0000000000000       2.932763897097171E-003  0.000000000000000E+000
   53.0000000000000       2.877428729227413E-003  0.000000000000000E+000
   54.0000000000000       2.824143012019498E-003  0.000000000000000E+000
   55.0000000000000       2.772794957255507E-003  0.000000000000000E+000
   56.0000000000000       2.723280761590230E-003  0.000000000000000E+000
   57.0000000000000       2.675503906123735E-003  0.000000000000000E+000
   58.0000000000000       2.629374528431946E-003  0.000000000000000E+000
   59.0000000000000       2.584808858458524E-003  0.000000000000000E+000
   60.0000000000000       2.541728710817549E-003  0.000000000000000E+000
   61.0000000000000       2.500061027033654E-003  0.000000000000000E+000
   62.0000000000000       2.459737462081499E-003  0.000000000000000E+000
   63.0000000000000       2.420694010302427E-003  0.000000000000000E+000
   64.0000000000000       2.382870666391452E-003  0.000000000000000E+000
   65.0000000000000       2.346211117677737E-003  0.000000000000000E+000
   66.0000000000000       2.310662464379589E-003  0.000000000000000E+000
   67.0000000000000       2.276174964911237E-003  0.000000000000000E+000
   68.0000000000000       2.242701803662542E-003  0.000000000000000E+000
   69.0000000000000       2.210198878971781E-003  0.000000000000000E+000
   70.0000000000000       2.178624609272184E-003  0.000000000000000E+000
   71.0000000000000       2.147939755620464E-003  0.000000000000000E+000
   72.0000000000000       2.118107259014624E-003  0.000000000000000E+000
   73.0000000000000       2.089092091082917E-003  0.000000000000000E+000
   74.0000000000000       2.060861116879093E-003  0.000000000000000E+000
   75.0000000000000       2.033382968654039E-003  0.000000000000000E+000
   76.0000000000000       2.006627929592801E-003  0.000000000000000E+000
   77.0000000000000       1.980567826611077E-003  0.000000000000000E+000
   78.0000000000000       1.955175931398114E-003  0.000000000000000E+000
   79.0000000000000       1.930426868975353E-003  0.000000000000000E+000
   80.0000000000000       1.906296533113161E-003  0.000000000000000E+000
   81.0000000000000       1.882762008012999E-003  0.000000000000000E+000
   82.0000000000000       1.859801495720157E-003  0.000000000000000E+000
   83.0000000000000       1.837394248783770E-003  0.000000000000000E+000
   84.0000000000000       1.815520507726820E-003  0.000000000000000E+000
   85.0000000000000       1.794161442930034E-003  0.000000000000000E+000
   86.0000000000000       1.773299100570383E-003  0.000000000000000E+000
   87.0000000000000       1.752916352287964E-003  0.000000000000000E+000
   88.0000000000000       1.732996848284692E-003  0.000000000000000E+000
   89.0000000000000       1.713524973584864E-003  0.000000000000000E+000
   90.0000000000000       1.694485807211699E-003  0.000000000000000E+000
   91.0000000000000       1.675865084055526E-003  0.000000000000000E+000
   92.0000000000000       1.657649159228836E-003  0.000000000000000E+000
   93.0000000000000       1.639824974720999E-003  0.000000000000000E+000
   94.0000000000000       1.622380028181414E-003  0.000000000000000E+000
   95.0000000000000       1.605302343674241E-003  0.000000000000000E+000
   96.0000000000000       1.588580444260968E-003  0.000000000000000E+000
   97.0000000000000       1.572203326278896E-003  0.000000000000000E+000
   98.0000000000000       1.556160435194417E-003  0.000000000000000E+000
   99.0000000000000       1.540441642919726E-003  0.000000000000000E+000
   100.000000000000       1.525037226490529E-003  0.000000000000000E+000
   101.000000000000       1.509937848010425E-003  0.000000000000000E+000
   102.000000000000       1.495134535775028E-003  0.000000000000000E+000
   103.000000000000       1.480618666495659E-003  0.000000000000000E+000
   104.000000000000       1.466381948548586E-003  0.000000000000000E+000
   105.000000000000       1.452416406181456E-003  0.000000000000000E+000
   106.000000000000       1.438714364613707E-003  0.000000000000000E+000
   107.000000000000       1.425268435972457E-003  0.000000000000000E+000
   108.000000000000       1.412071506009749E-003  0.000000000000000E+000
   109.000000000000       1.399116721550944E-003  0.000000000000000E+000
   110.000000000000       1.386397478627754E-003  0.000000000000000E+000
   111.000000000000       1.373907411252729E-003  0.000000000000000E+000
   112.000000000000       1.361640380795115E-003  0.000000000000000E+000
   113.000000000000       1.349590465920822E-003  0.000000000000000E+000
   114.000000000000       1.337751953061868E-003  0.000000000000000E+000
   115.000000000000       1.326119327383069E-003  0.000000000000000E+000
   116.000000000000       1.314687264215973E-003  0.000000000000000E+000
   117.000000000000       1.303450620932076E-003  0.000000000000000E+000
   118.000000000000       1.292404429229262E-003  0.000000000000000E+000
   119.000000000000       1.281543887807167E-003  0.000000000000000E+000
   120.000000000000       1.270864355408774E-003  0.000000000000000E+000
   121.000000000000       1.260361344207049E-003  0.000000000000000E+000
   122.000000000000       1.250030513516827E-003  0.000000000000000E+000
   123.000000000000       1.239867663813438E-003  0.000000000000000E+000
   124.000000000000       1.229868731040749E-003  0.000000000000000E+000
   125.000000000000       1.220029781192423E-003  0.000000000000000E+000
   126.000000000000       1.210347005151214E-003  0.000000000000000E+000
   127.000000000000       1.200816713772070E-003  0.000000000000000E+000
   128.000000000000       1.191435333195726E-003  0.000000000000000E+000
   129.000000000000       1.182199400380255E-003  0.000000000000000E+000
   130.000000000000       1.173105558838868E-003  0.000000000000000E+000
   131.000000000000       1.164150554572923E-003  0.000000000000000E+000
   132.000000000000       1.155331232189795E-003  0.000000000000000E+000
   133.000000000000       1.146644531195887E-003  0.000000000000000E+000
   134.000000000000       1.138087482455619E-003  0.000000000000000E+000
   135.000000000000       1.129657204807799E-003  0.000000000000000E+000
   136.000000000000       1.121350901831271E-003  0.000000000000000E+000
   137.000000000000       1.113165858752211E-003  0.000000000000000E+000
   138.000000000000       1.105099439485891E-003  0.000000000000000E+000
   139.000000000000       1.097149083806136E-003  0.000000000000000E+000
   140.000000000000       1.089312304636092E-003  0.000000000000000E+000
   141.000000000000       1.081586685454276E-003  0.000000000000000E+000
   142.000000000000       1.073969877810232E-003  0.000000000000000E+000
   143.000000000000       1.066459598944426E-003  0.000000000000000E+000
   144.000000000000       1.059053629507312E-003  0.000000000000000E+000
   145.000000000000       1.051749811372779E-003  0.000000000000000E+000
   146.000000000000       1.044546045541458E-003  0.000000000000000E+000
   147.000000000000       1.037440290129612E-003  0.000000000000000E+000
   148.000000000000       1.030430558439547E-003  0.000000000000000E+000
   149.000000000000       1.023514917107738E-003  0.000000000000000E+000
   150.000000000000       1.016691484327019E-003  0.000000000000000E+000
   151.000000000000       1.009958428139423E-003  0.000000000000000E+000
   152.000000000000       1.003313964796401E-003  0.000000000000000E+000
   153.000000000000       9.967563571833522E-004  0.000000000000000E+000
   154.000000000000       9.902839133055384E-004  0.000000000000000E+000
   155.000000000000       9.838949848325993E-004  0.000000000000000E+000
   156.000000000000       9.775879656990570E-004  0.000000000000000E+000
   157.000000000000       9.713612907582987E-004  0.000000000000000E+000
   158.000000000000       9.652134344876766E-004  0.000000000000000E+000
   159.000000000000       9.591429097424711E-004  0.000000000000000E+000
   160.000000000000       9.531482665565806E-004  0.000000000000000E+000
   161.000000000000       9.472280909879063E-004  0.000000000000000E+000
   162.000000000000       9.413810040064994E-004  0.000000000000000E+000
   163.000000000000       9.356056604236375E-004  0.000000000000000E+000
   164.000000000000       9.299007478600787E-004  0.000000000000000E+000
   165.000000000000       9.242649857518358E-004  0.000000000000000E+000
   166.000000000000       9.186971243918849E-004  0.000000000000000E+000
   167.000000000000       9.131959440063048E-004  0.000000000000000E+000
   168.000000000000       9.077602538634102E-004  0.000000000000000E+000
   169.000000000000       9.023888914145142E-004  0.000000000000000E+000
   170.000000000000       8.970807214650170E-004  0.000000000000000E+000
   171.000000000000       8.918346353745783E-004  0.000000000000000E+000
   172.000000000000       8.866495502851913E-004  0.000000000000000E+000
   173.000000000000       8.815244083760284E-004  0.000000000000000E+000
   174.000000000000       8.764581761439822E-004  0.000000000000000E+000
   175.000000000000       8.714498437088738E-004  0.000000000000000E+000
   176.000000000000       8.664984241423461E-004  0.000000000000000E+000
   177.000000000000       8.616029528195079E-004  0.000000000000000E+000
   178.000000000000       8.567624867924321E-004  0.000000000000000E+000
   179.000000000000       8.519761041846530E-004  0.000000000000000E+000
   180.000000000000       8.472429036058494E-004  0.000000000000000E+000
   181.000000000000       8.425620035859276E-004  0.000000000000000E+000
   182.000000000000       8.379325420277632E-004  0.000000000000000E+000
   183.000000000000       8.333536756778847E-004  0.000000000000000E+000
   184.000000000000       8.288245796144179E-004  0.000000000000000E+000
   185.000000000000       8.243444467516373E-004  0.000000000000000E+000
   186.000000000000       8.199124873604995E-004  0.000000000000000E+000
   187.000000000000       8.155279286045610E-004  0.000000000000000E+000
   188.000000000000       8.111900140907069E-004  0.000000000000000E+000
   189.000000000000       8.068980034341423E-004  0.000000000000000E+000
   190.000000000000       8.026511718371205E-004  0.000000000000000E+000
   191.000000000000       7.984488096809052E-004  0.000000000000000E+000
   192.000000000000       7.942902221304838E-004  0.000000000000000E+000
   193.000000000000       7.901747287515694E-004  0.000000000000000E+000
   194.000000000000       7.861016631394480E-004  0.000000000000000E+000
   195.000000000000       7.820703725592457E-004  0.000000000000000E+000
   196.000000000000       7.780802175972087E-004  0.000000000000000E+000
   197.000000000000       7.741305718226035E-004  0.000000000000000E+000
   198.000000000000       7.702208214598632E-004  0.000000000000000E+000
   199.000000000000       7.663503650706176E-004  0.000000000000000E+000
   200.000000000000       7.625186132452645E-004  0.000000000000000E+000
   201.000000000000       7.587249883037458E-004  0.000000000000000E+000
   202.000000000000       7.549689240052124E-004  0.000000000000000E+000
   203.000000000000       7.512498652662705E-004  0.000000000000000E+000
   204.000000000000       7.475672678875142E-004  0.000000000000000E+000
   205.000000000000       7.439205982880630E-004  0.000000000000000E+000
   206.000000000000       7.403093332478296E-004  0.000000000000000E+000
   207.000000000000       7.367329596572604E-004  0.000000000000000E+000
   208.000000000000       7.331909742742929E-004  0.000000000000000E+000
   209.000000000000       7.296828834882914E-004  0.000000000000000E+000
   210.000000000000       7.262082030907282E-004  0.000000000000000E+000
   211.000000000000       7.227664580523835E-004  0.000000000000000E+000
   212.000000000000       7.193571823068533E-004  0.000000000000000E+000
   213.000000000000       7.159799185401545E-004  0.000000000000000E+000
   214.000000000000       7.126342179862285E-004  0.000000000000000E+000
   215.000000000000       7.093196402281531E-004  0.000000000000000E+000
   216.000000000000       7.060357530048745E-004  0.000000000000000E+000
   217.000000000000       7.027821320232853E-004  0.000000000000000E+000
   218.000000000000       6.995583607754721E-004  0.000000000000000E+000
   219.000000000000       6.963640303609722E-004  0.000000000000000E+000
   220.000000000000       6.931987393138768E-004  0.000000000000000E+000
   221.000000000000       6.900620934346285E-004  0.000000000000000E+000
   222.000000000000       6.869537056263644E-004  0.000000000000000E+000
   223.000000000000       6.838731957356632E-004  0.000000000000000E+000
   224.000000000000       6.808201903975576E-004  0.000000000000000E+000
   225.000000000000       6.777943228846796E-004  0.000000000000000E+000
   226.000000000000       6.747952329604111E-004  0.000000000000000E+000
   227.000000000000       6.718225667359159E-004  0.000000000000000E+000
   228.000000000000       6.688759765309338E-004  0.000000000000000E+000
   229.000000000000       6.659551207382222E-004  0.000000000000000E+000
   230.000000000000       6.630596636915344E-004  0.000000000000000E+000
   231.000000000000       6.601892755370255E-004  0.000000000000000E+000
   232.000000000000       6.573436321079866E-004  0.000000000000000E+000
   233.000000000000       6.545224148028022E-004  0.000000000000000E+000
   234.000000000000       6.517253104660380E-004  0.000000000000000E+000
   235.000000000000       6.489520112725655E-004  0.000000000000000E+000
   236.000000000000       6.462022146146310E-004  0.000000000000000E+000
   237.000000000000       6.434756229917844E-004  0.000000000000000E+000
   238.000000000000       6.407719439035836E-004  0.000000000000000E+000
   239.000000000000       6.380908897449912E-004  0.000000000000000E+000
   240.000000000000       6.354321777043871E-004  0.000000000000000E+000
   241.000000000000       6.327955296641200E-004  0.000000000000000E+000
   242.000000000000       6.301806721035244E-004  0.000000000000000E+000
   243.000000000000       6.275873360043330E-004  0.000000000000000E+000
   244.000000000000       6.250152567584135E-004  0.000000000000000E+000
   245.000000000000       6.224641740777669E-004  0.000000000000000E+000
   246.000000000000       6.199338319067191E-004  0.000000000000000E+000
   247.000000000000       6.174239783362466E-004  0.000000000000000E+000
   248.000000000000       6.149343655203746E-004  0.000000000000000E+000
   249.000000000000       6.124647495945900E-004  0.000000000000000E+000
   250.000000000000       6.100148905962117E-004  0.000000000000000E+000
   251.000000000000       6.075845523866649E-004  0.000000000000000E+000
   252.000000000000       6.051735025756068E-004  0.000000000000000E+000
   253.000000000000       6.027815124468494E-004  0.000000000000000E+000
   254.000000000000       6.004083568860350E-004  0.000000000000000E+000
   255.000000000000       5.980538143100114E-004  0.000000000000000E+000
   256.000000000000       5.957176665978629E-004  0.000000000000000E+000
   257.000000000000       5.933996990235521E-004  0.000000000000000E+000
   258.000000000000       5.910997001901275E-004  0.000000000000000E+000
   259.000000000000       5.888174619654552E-004  0.000000000000000E+000
   260.000000000000       5.865527794194342E-004  0.000000000000000E+000
   261.000000000000       5.843054507626548E-004  0.000000000000000E+000
   262.000000000000       5.820752772864614E-004  0.000000000000000E+000
   263.000000000000       5.798620633043837E-004  0.000000000000000E+000
   264.000000000000       5.776656160948973E-004  0.000000000000000E+000
   265.000000000000       5.754857458454826E-004  0.000000000000000E+000
   266.000000000000       5.733222655979433E-004  0.000000000000000E+000
   267.000000000000       5.711749911949547E-004  0.000000000000000E+000
   268.000000000000       5.690437412278094E-004  0.000000000000000E+000
   269.000000000000       5.669283369853268E-004  0.000000000000000E+000
   270.000000000000       5.648286024038996E-004  0.000000000000000E+000
   271.000000000000       5.627443640186454E-004  0.000000000000000E+000
   272.000000000000       5.606754509156356E-004  0.000000000000000E+000
   273.000000000000       5.586216946851755E-004  0.000000000000000E+000
   274.000000000000       5.565829293761055E-004  0.000000000000000E+000
   275.000000000000       5.545589914511015E-004  0.000000000000000E+000
   276.000000000000       5.525497197429453E-004  0.000000000000000E+000
   277.000000000000       5.505549554117433E-004  0.000000000000000E+000
   278.000000000000       5.485745419030680E-004  0.000000000000000E+000
   279.000000000000       5.466083249069996E-004  0.000000000000000E+000
   280.000000000000       5.446561523180461E-004  0.000000000000000E+000
   281.000000000000       5.427178741959178E-004  0.000000000000000E+000
   282.000000000000       5.407933427271379E-004  0.000000000000000E+000
   283.000000000000       5.388824121874661E-004  0.000000000000000E+000
   284.000000000000       5.369849389051159E-004  0.000000000000000E+000
   285.000000000000       5.351007812247471E-004  0.000000000000000E+000
   286.000000000000       5.332297994722129E-004  0.000000000000000E+000
   287.000000000000       5.313718559200450E-004  0.000000000000000E+000
   288.000000000000       5.295268147536559E-004  0.000000000000000E+000
   289.000000000000       5.276945420382453E-004  0.000000000000000E+000
   290.000000000000       5.258749056863893E-004  0.000000000000000E+000
   291.000000000000       5.240677754262986E-004  0.000000000000000E+000
   292.000000000000       5.222730227707292E-004  0.000000000000000E+000
   293.000000000000       5.204905209865286E-004  0.000000000000000E+000
   294.000000000000       5.187201450648058E-004  0.000000000000000E+000
   295.000000000000       5.169617716917047E-004  0.000000000000000E+000
   296.000000000000       5.152152792197734E-004  0.000000000000000E+000
   297.000000000000       5.134805476399088E-004  0.000000000000000E+000
   298.000000000000       5.117574585538688E-004  0.000000000000000E+000
   299.000000000000       5.100458951473342E-004  0.000000000000000E+000
   300.000000000000       5.083457421635097E-004  0.000000000000000E+000
   301.000000000000       5.066568858772522E-004  0.000000000000000E+000
   302.000000000000       5.049792140697116E-004  0.000000000000000E+000
   303.000000000000       5.033126160034749E-004  0.000000000000000E+000
   304.000000000000       5.016569823982003E-004  0.000000000000000E+000
   305.000000000000       5.000122054067308E-004  0.000000000000000E+000
   306.000000000000       4.983781785916761E-004  0.000000000000000E+000
   307.000000000000       4.967547969024524E-004  0.000000000000000E+000
   308.000000000000       4.951419566527692E-004  0.000000000000000E+000
   309.000000000000       4.935395554985531E-004  0.000000000000000E+000
   310.000000000000       4.919474924162996E-004  0.000000000000000E+000
