  0.000000000000000E+000 -0.289509764670847       6.496434307753755E-007
  7.812500000000000E-003 -0.289917546721947      -1.553936498040535E-003
  1.562500000000000E-002 -0.290893818815539      -3.355989274218308E-003
  2.343750000000000E-002 -0.292767487643320      -5.138981026581699E-003
  3.125000000000000E-002 -0.295463997495809      -6.802162729432100E-003
  3.906250000000000E-002 -0.300021314067304      -9.212891514023842E-003
  4.687500000000000E-002 -0.306526559031009      -1.257491860129739E-002
  5.468750000000000E-002 -0.318825720442342      -1.396633594536419E-002
  6.250000000000000E-002 -0.349381337657305      -2.312173565879619E-002
  7.031250000000000E-002 -2.568494820094697E-002 -0.131442007718730     
  7.812500000000000E-002 -0.298299528190476      -0.172926859893632     
  8.593750000000000E-002 -0.258466008939736      -0.304977423352154     
  9.375000000000000E-002 -0.177344704354670      -8.383012867281547E-003
  0.101562500000000      -0.227225922750596      -1.144438461508395E-002
  0.109375000000000      -0.243854686044510      -1.436211539255945E-002
  0.117187500000000      -0.255397377257253      -1.939978221800169E-002
  0.125000000000000      -0.264229148556698      -2.358026122893591E-002
  0.132812500000000      -0.271480807809574      -3.212355279542439E-002
  0.140625000000000      -0.277225701569996      -4.338500909818067E-002
  0.148437500000000      -0.274775299133522      -5.676977295655698E-002
  0.156250000000000      -0.264516875524362      -7.106587270511104E-002
  0.164062500000000      -0.252187061890275      -6.524277391214893E-002
  0.171875000000000      -0.249926956379387      -6.704123645985198E-002
  0.179687500000000      -0.240099917701476      -6.596476546370196E-002
  0.187500000000000      -0.237916908856640      -6.103705123001155E-002
  0.195312500000000      -0.237151302904948      -5.824398181466713E-002
  0.203125000000000      -0.236756024215057      -5.561535423356966E-002
  0.210937500000000      -0.237870770059840      -5.324883120073270E-002
  0.218750000000000      -0.241908912874807      -5.368841195560473E-002
  0.226562500000000      -0.242161008314342      -5.793593637678682E-002
  0.234375000000000      -0.237429938581153      -6.296830353338227E-002
  0.242187500000000      -0.230237277245648      -5.704887345427266E-002
  0.250000000000000      -0.229985999396575      -5.250710348270163E-002
  0.257812500000000      -0.230021589887006      -4.871657273341123E-002
  0.265625000000000      -0.231204554255168      -4.436004721423252E-002
  0.273437500000000      -0.232957423147200      -3.939984979666437E-002
  0.281250000000000      -0.238469198339144      -3.162613664045451E-002
  0.289062500000000      -0.247826076060987      -3.079595272912213E-002
  0.296875000000000      -0.255807328400171      -3.036558108344919E-002
  0.304687500000000      -0.267142647609629      -3.168203592676217E-002
  0.312500000000000      -0.273326605006734      -4.108845710877516E-002
  0.320312500000000      -0.276198335913073      -4.658515004266205E-002
  0.328125000000000      -0.279175709902698      -5.090700143162025E-002
  0.335937500000000      -0.282251327273095      -5.517518991684185E-002
  0.343750000000000      -0.285516690647345      -5.892113961738807E-002
  0.351562500000000      -0.289544232869779      -6.256261812254824E-002
  0.359375000000000      -0.295441343564881      -6.658269561511129E-002
  0.367187500000000      -0.302158849267810      -7.328689803815630E-002
  0.375000000000000      -0.309341785523272      -8.275275400472951E-002
  0.382812500000000      -0.315598891599018      -9.851136211511194E-002
  0.390625000000000      -0.307802308975063      -0.113869532751946     
  0.398437500000000      -0.303041928400305      -0.121450810757812     
  0.406250000000000      -0.299524515630863      -0.128894067320215     
  0.414062500000000      -0.295121974172518      -0.137343203763489     
  0.421875000000000      -0.288734629822928      -0.141785112164786     
  0.429687500000000      -0.284703380273940      -0.145222707223796     
  0.437500000000000      -0.281623134982874      -0.148098372897055     
  0.445312500000000      -0.280741692545716      -0.148702979707869     
  0.453125000000000      -0.284020390644039      -0.154330245513435     
  0.460937500000000      -0.285751976878426      -0.162074251766175     
  0.468750000000000      -0.287126269461481      -0.171588197489054     
  0.476562500000000      -0.287993433316725      -0.184071937149112     
  0.484375000000000      -0.285914171733195      -0.198773197163442     
  0.492187500000000      -0.282289924404193      -0.216492047146654     
  0.500000000000000      -0.274093465095901      -0.239452283296980     
  0.507812500000000      -0.254218452722298      -0.269215288826167     
  0.515625000000000      -0.202041150074775      -0.296514504896081     
  0.523437500000000      -0.144187422529688      -0.259363129476576     
  0.531250000000000      -0.137284033941228      -0.219906547512091     
  0.539062500000000      -0.142010998450419      -0.198197906788881     
  0.546875000000000      -0.149854145527451      -0.184777020767955     
  0.554687500000000      -0.156566484669753      -0.183346932596229     
  0.562500000000000      -0.156819934472226      -0.184614552969534     
  0.570312500000000      -0.152178630969583      -0.185160907234660     
  0.578125000000000      -0.144490050595194      -0.181917355339681     
  0.585937500000000      -0.138700604757004      -0.171032027904323     
  0.593750000000000      -0.141073938425120      -0.163089844782801     
  0.601562500000000      -0.143507035600432      -0.158091633109771     
  0.609375000000000      -0.145934098831680      -0.154474519529262     
  0.617187500000000      -0.148499078889719      -0.151855514795833     
  0.625000000000000      -0.151238133393517      -0.150913533425011     
  0.632812500000000      -0.152471097148249      -0.150432462219463     
  0.640625000000000      -0.153521777407105      -0.149905258142731     
  0.648437500000000      -0.154483552175580      -0.149465372034388     
  0.656250000000000      -0.155465916672483      -0.149092158694973     
  0.664062500000000      -0.156759673958945      -0.148730594273317     
  0.671875000000000      -0.158529608559779      -0.149314723280303     
  0.679687500000000      -0.159939647219853      -0.150560998889790     
  0.687500000000000      -0.161080076484438      -0.152309885016392     
  0.695312500000000      -0.162000169716319      -0.154580226633051     
  0.703125000000000      -0.162846127674629      -0.157631041258037     
  0.710937500000000      -0.162201713503748      -0.163429980730525     
  0.718750000000000      -0.158104203978606      -0.167317596797302     
  0.726562500000000      -0.153534013970754      -0.169694815461984     
  0.734375000000000      -0.148619249632416      -0.171030779613637     
  0.742187500000000      -0.143141129712539      -0.171496542809327     
  0.750000000000000      -0.135916734208993      -0.170235246530053     
  0.757812500000000      -0.132525075516202      -0.161957743581879     
  0.765625000000000      -0.133653821535218      -0.158717357726602     
  0.773437500000000      -0.134030267412517      -0.157187076400933     
  0.781250000000000      -0.133740165561775      -0.156102929683365     
  0.789062500000000      -0.133050694481271      -0.154791385211921     
  0.796875000000000      -0.132676255839500      -0.152666390119538     
  0.804687500000000      -0.134864993445193      -0.151769883621061     
  0.812500000000000      -0.134823378536409      -0.153044034034889     
  0.820312500000000      -0.133323697066722      -0.153996932194441     
  0.828125000000000      -0.130658247751412      -0.154253038496123     
  0.835937500000000      -0.126910652039000      -0.153288863996423     
  0.843750000000000      -0.122160698523658      -0.150168886268810     
  0.851562500000000      -0.117746985666706      -0.140906574079348     
  0.859375000000000      -0.122163654163630      -0.133349277507421     
  0.867187500000000      -0.126183032663102      -0.128556088364019     
  0.875000000000000      -0.130235831468513      -0.124273397915476     
  0.882812500000000      -0.134926658844980      -0.119798589044790     
  0.890625000000000      -0.141287536323398      -0.114849483259427     
  0.898437500000000      -0.151519202450957      -0.109948896686067     
  0.906250000000000      -0.167033904954491      -0.114791073625745     
  0.914062500000000      -0.172295742794313      -0.121901284319465     
  0.921875000000000      -0.176200365913797      -0.126769638831169     
  0.929687500000000      -0.179801452029332      -0.130669508775638     
  0.937500000000000      -0.183455944098844      -0.134027321013232     
  0.945312500000000      -0.187376678535754      -0.137014873903910     
  0.953125000000000      -0.191925674858640      -0.139512135112989     
  0.960937500000000      -0.199347780413607      -0.142811108193771     
  0.968750000000000      -0.205213382484711      -0.149195670601744     
  0.976562500000000      -0.209996487841587      -0.155510365488663     
  0.984375000000000      -0.214449878661375      -0.161529260839293     
  0.992187500000000      -0.219129381078797      -0.167091517929585     
   1.00000000000000      -0.224772591881554      -0.172016409171550     
   1.00781250000000      -0.232831196423910      -0.176086677864208     
   1.01562500000000      -0.248354459005014      -0.179600965838981     
   1.02343750000000      -0.267711235710557      -0.200695776132038     
   1.03125000000000      -0.278265558209590      -0.225832269242095     
   1.03906250000000      -0.284059419909680      -0.253999405101315     
   1.04687500000000      -0.284940547398017      -0.285066898495487     
   1.05468750000000      -0.280031551519198      -0.318889371592006     
   1.06250000000000      -0.267692114720279      -0.355166281243058     
   1.07031250000000      -0.244871900145740      -0.393094469710001     
   1.07812500000000      -0.201109205639647      -0.427672098645280     
   1.08593750000000      -0.154674665795654      -0.433398744196384     
   1.09375000000000      -0.116851901275076      -0.430757269248355     
   1.10156250000000      -8.492259213791392E-002 -0.423139656832692     
   1.10937500000000      -5.799246425194777E-002 -0.412393035427334     
   1.11718750000000      -3.541241105532388E-002 -0.399677430970098     
   1.12500000000000      -1.668960586989581E-002 -0.385723693156731     
   1.13281250000000      -1.547114575384402E-003 -0.370953498130418     
   1.14062500000000       9.498898191003706E-003 -0.355313205792943     
   1.14843750000000       1.611636676052527E-002 -0.343574374424623     
   1.15625000000000       2.314581693395179E-002 -0.333391322834273     
   1.16406250000000       2.972264814056680E-002 -0.323761179577620     
   1.17187500000000       3.571344031474026E-002 -0.314418859849689     
   1.17968750000000       4.100060454073735E-002 -0.305200631512735     
   1.18750000000000       4.540026878463343E-002 -0.296014767340802     
   1.19531250000000       4.861652160927907E-002 -0.286873292721434     
   1.20312500000000       5.022003904954136E-002 -0.277939737653223     
   1.21093750000000       4.797822197929864E-002 -0.270569974249378     
   1.21875000000000       4.727384329519333E-002 -0.268373739413325     
   1.22656250000000       4.856069543386064E-002 -0.267128849102068     
   1.23437500000000       5.123579493151779E-002 -0.266424279779201     
   1.24218750000000       5.520809965726824E-002 -0.266104084611518     
   1.25000000000000       6.063696484052060E-002 -0.266023466992896     
   1.25781250000000       6.790556608179860E-002 -0.265908548304989     
   1.26562500000000       7.766497200954531E-002 -0.265121997470304     
   1.27343750000000       9.096430455588286E-002 -0.261970587396391     
   1.28125000000000       0.105066407241888      -0.248518387279573     
   1.28906250000000       0.109262573680989      -0.235873623195434     
   1.29687500000000       0.112556968056741      -0.225611879421089     
   1.30468750000000       0.115573789887092      -0.216174413225020     
   1.31250000000000       0.118404515616586      -0.206952767361539     
   1.32031250000000       0.120983780941096      -0.197599720221887     
   1.32812500000000       0.123163101702475      -0.187887802955798     
   1.33593750000000       0.124728144500520      -0.177652685905890     
   1.34375000000000       0.125379967803322      -0.166731183537644     
   1.35156250000000       0.124532800624810      -0.154568860762532     
   1.35937500000000       0.118996949689213      -0.143942889974831     
   1.36718750000000       0.113837462132908      -0.136284564949716     
   1.37500000000000       0.108901667703833      -0.129836700558178     
   1.38281250000000       0.104086093534930      -0.124285403848887     
   1.39062500000000       9.935199017043289E-002 -0.119499387361689     
   1.39843750000000       9.468927924174542E-002 -0.115421441067094     
   1.40625000000000       9.010729248393183E-002 -0.112039769794367     
   1.41406250000000       8.563408527105522E-002 -0.109387347973353     
   1.42187500000000       8.132594973109307E-002 -0.107581510599627     
   1.42968750000000       7.735783282692678E-002 -0.107220664818747     
   1.43750000000000       7.618279248788423E-002 -0.106854784369836     
   1.44531250000000       7.496303104928470E-002 -0.105370134935288     
   1.45312500000000       7.372258011570500E-002 -0.103574575101738     
   1.46093750000000       7.245706597413053E-002 -0.101611267703535     
   1.46875000000000       7.114908051495333E-002 -9.954401629506282E-002
   1.47656250000000       6.977392403212480E-002 -9.741081754791853E-002
   1.48437500000000       6.829846827385093E-002 -9.524110593068315E-002
   1.49218750000000       6.667492312187558E-002 -9.306569622948165E-002
   1.50000000000000       6.482147403873315E-002 -9.093017623213107E-002
   1.50781250000000       6.253190657073038E-002 -8.894420649243544E-002
   1.51562500000000       5.984295516706791E-002 -8.843111825231595E-002
   1.52343750000000       5.872304190750757E-002 -8.809923318748755E-002
   1.53125000000000       5.802059650153960E-002 -8.734484668336855E-002
   1.53906250000000       5.750864162240339E-002 -8.626604920271416E-002
   1.54687500000000       5.707658279124483E-002 -8.490008252233024E-002
   1.55468750000000       5.664658307447688E-002 -8.326793387010198E-002
   1.56250000000000       5.615720760204282E-002 -8.138454841638641E-002
   1.57031250000000       5.556743402009373E-002 -7.925567707574310E-002
   1.57812500000000       5.488304944031179E-002 -7.683912564667124E-002
   1.58593750000000       5.419799678338837E-002 -7.383770991336823E-002
   1.59375000000000       5.326287781216042E-002 -6.858428105001438E-002
   1.60156250000000       4.295672537180294E-002 -6.223043275287633E-002
   1.60937500000000       3.219329893120024E-002 -6.861011740812761E-002
   1.61718750000000       3.202363134797172E-002 -8.070802414640744E-002
   1.62500000000000       4.131685537937661E-002 -8.585316430400362E-002
   1.63281250000000       4.944893074730636E-002 -8.228004820027483E-002
   1.64062500000000       5.301927988499153E-002 -7.557215753610548E-002
   1.64843750000000       5.317013997822927E-002 -6.877044330141424E-002
   1.65625000000000       5.116221250773770E-002 -6.273922881446843E-002
   1.66406250000000       4.769088493305376E-002 -5.764769526513935E-002
   1.67187500000000       4.304455417291328E-002 -5.354587977521173E-002
   1.67968750000000       3.716417743806747E-002 -5.058782398762296E-002
   1.68750000000000       2.877208922235982E-002 -5.053561753208406E-002
   1.69531250000000       2.522771794087421E-002 -5.456549195157420E-002
   1.70312500000000       2.343781108188449E-002 -5.704541563047150E-002
   1.71093750000000       2.234725170870593E-002 -5.883091683412822E-002
   1.71875000000000       2.166953051106844E-002 -6.011252839429550E-002
   1.72656250000000       2.125081308863216E-002 -6.096503126567954E-002
   1.73437500000000       2.098093476026581E-002 -6.142047501059858E-002
   1.74218750000000       2.076337242183611E-002 -6.149112543215217E-002
   1.75000000000000       2.049980236857294E-002 -6.117944602673932E-002
   1.75781250000000       2.007749887710708E-002 -6.048319629897822E-002
   1.76562500000000       1.935132109016793E-002 -5.939725670911865E-002
   1.77343750000000       1.809843849454938E-002 -5.790786636266956E-002
   1.78125000000000       1.566594802327537E-002 -5.586625978622563E-002
   1.78906250000000       1.176466378482219E-002 -5.573561415796092E-002
   1.79687500000000       8.368401058557816E-003 -5.648490208316355E-002
   1.80468750000000       5.149566768153583E-003 -5.782804901429098E-002
   1.81250000000000       2.082716689643546E-003 -5.974904954480557E-002
   1.82031250000000      -7.931846858751832E-004 -6.228212033075183E-002
   1.82812500000000      -3.391619918704033E-003 -6.548015441420227E-002
   1.83593750000000      -5.576110648311156E-003 -6.939731924457541E-002
   1.84375000000000      -7.153371959920533E-003 -7.407035949182622E-002
   1.85156250000000      -7.868439324133870E-003 -7.949408344332472E-002
   1.85937500000000      -7.408212319708497E-003 -8.559384367106306E-002
   1.86718750000000      -5.411921040933389E-003 -9.221537504218018E-002
   1.87500000000000      -1.427931008841836E-003 -9.921728636017672E-002
   1.88281250000000       7.232316401560209E-003 -0.106322107238141     
   1.89062500000000       1.755118602496405E-002 -0.106482587521727     
   1.89843750000000       2.529015284692352E-002 -0.103900668818494     
   1.90625000000000       3.094900611582886E-002 -0.100298810866665     
   1.91406250000000       3.503761853428885E-002 -9.643484225102654E-002
   1.92187500000000       3.798964133395504E-002 -9.265091815855996E-002
   1.92968750000000       4.013219899312512E-002 -8.908311542961592E-002
   1.93750000000000       4.169693114453352E-002 -8.576841017709917E-002
   1.94531250000000       4.284138653009111E-002 -8.270001909929850E-002
   1.95312500000000       4.366858758240633E-002 -7.985591363702023E-002
   1.96093750000000       4.424145414878720E-002 -7.721415174470980E-002
   1.96875000000000       4.459108727715743E-002 -7.476331700414827E-002
   1.97656250000000       4.471393977327337E-002 -7.251755339709891E-002
   1.98437500000000       4.446015184906937E-002 -7.063892778210802E-002
   1.99218750000000       4.475321671903497E-002 -6.948352232449276E-002
   2.00000000000000       4.534450588724379E-002 -6.811425816523493E-002
   2.00781250000000       4.604257179012752E-002 -6.663120015577920E-002
   2.01562500000000       4.679936693981236E-002 -6.504606767810076E-002
   2.02343750000000       4.759031941854707E-002 -6.335760303481776E-002
   2.03125000000000       4.839910618485171E-002 -6.155922412036392E-002
   2.03906250000000       4.921268950019718E-002 -5.964108901046061E-002
   2.04687500000000       5.001917133902146E-002 -5.759052328894667E-002
   2.05468750000000       5.080665033906089E-002 -5.539144353892169E-002
   2.06250000000000       5.156236697708905E-002 -5.302254275190623E-002
   2.07031250000000       5.227159746474543E-002 -5.045307570510800E-002
   2.07812500000000       5.291530357284377E-002 -4.763229670004480E-002
   2.08593750000000       5.346268041606514E-002 -4.445426939833690E-002
   2.09375000000000       5.373812243141934E-002 -4.038996293751614E-002
   2.10156250000000       5.229167300202650E-002 -3.675584223104631E-002
   2.10937500000000       5.090420448684728E-002 -3.378542075997640E-002
   2.11718750000000       4.949709861427953E-002 -3.106814143982910E-002
   2.12500000000000       4.804846399691322E-002 -2.850991210281075E-002
   2.13281250000000       4.654619031244558E-002 -2.606781922531469E-002
   2.14062500000000       4.498187773006394E-002 -2.371783526633030E-002
   2.14843750000000       4.334880322158344E-002 -2.144481250187908E-002
   2.15625000000000       4.164093203177223E-002 -1.923821818549239E-002
   2.16406250000000       3.985224321136067E-002 -1.708983962748998E-002
   2.17187500000000       3.797605487395472E-002 -1.499216409428244E-002
   2.17968750000000       3.600405271886663E-002 -1.293671053807800E-002
   2.18750000000000       3.392441691506343E-002 -1.091138192622010E-002
   2.19531250000000       3.171704805877943E-002 -8.894160644852113E-003
   2.20312500000000       2.933471252379343E-002 -6.828398166924456E-003
   2.21093750000000       2.631307134430532E-002 -4.671306787668945E-003
   2.21875000000000       2.306238327255151E-002 -3.340335441969118E-003
   2.22656250000000       1.993139839582735E-002 -2.283884865340787E-003
   2.23437500000000       1.682854382921422E-002 -1.415388111216625E-003
   2.24218750000000       1.371659374159772E-002 -7.125543126564182E-004
   2.25000000000000       1.057298099374031E-002 -1.708566287232635E-004
   2.25781250000000       7.381238345853166E-003  2.053673688099013E-004
   2.26562500000000       4.127780801834974E-003  4.054561802816983E-004
   2.27343750000000       8.002821610009057E-004  4.128229916738415E-004
   2.28125000000000      -2.613397484613950E-003  2.041194570148908E-004
   2.28906250000000      -6.126197966119150E-003 -2.528696307516106E-004
   2.29687500000000      -9.753179186634242E-003 -1.003369349611352E-003
   2.30468750000000      -1.351396704458296E-002 -2.114084782857818E-003
   2.31250000000000      -1.743862679870728E-002 -3.693337549214065E-003
   2.32031250000000      -2.158675411129212E-002 -5.955261098650690E-003
   2.32812500000000      -2.618954458761891E-002 -9.713317053104246E-003
   2.33593750000000      -2.769232093482978E-002 -1.514580061823539E-002
   2.34375000000000      -2.839590306525672E-002 -1.920215524987234E-002
   2.35156250000000      -2.873355473137458E-002 -2.287785816593059E-002
   2.35937500000000      -2.872656279562951E-002 -2.632791659977135E-002
   2.36718750000000      -2.837285842379370E-002 -2.959793059506190E-002
   2.37500000000000      -2.766417436907332E-002 -3.269039634082582E-002
   2.38281250000000      -2.659205941267245E-002 -3.558316626487942E-002
   2.39062500000000      -2.515151139181749E-002 -3.823630256333555E-002
   2.39843750000000      -2.334410411895330E-002 -4.059495892139632E-002
   2.40625000000000      -2.118122688347410E-002 -4.259059037792068E-002
   2.41406250000000      -1.868773583657064E-002 -4.414120727236085E-002
   2.42187500000000      -1.590628251425489E-002 -4.515052003179368E-002
   2.42968750000000      -1.290280993938532E-002 -4.550454026064397E-002
   2.43750000000000      -9.774623400507226E-003 -4.506040591665390E-002
   2.44531250000000      -6.666419859421490E-003 -4.360475821901363E-002
   2.45312500000000      -3.831061887016677E-003 -4.058389073855713E-002
   2.46093750000000      -4.422465994278554E-003 -3.635709476244342E-002
   2.46875000000000      -5.709654196130415E-003 -3.444272243781615E-002
   2.47656250000000      -6.876515770832300E-003 -3.320788155701484E-002
   2.48437500000000      -7.963629015439162E-003 -3.234187528283446E-002
   2.49218750000000      -8.993417928580641E-003 -3.171470062089269E-002
   2.50000000000000      -9.980863508768008E-003 -3.125689027235093E-002
   2.53125000000000      -1.369797015246848E-002 -3.047210900051993E-002
   2.56250000000000      -1.739900554279547E-002 -3.074592713751691E-002
   2.59375000000000      -2.169992651857472E-002 -3.266941412077622E-002
   2.62500000000000      -2.416332385590008E-002 -3.598881687391473E-002
   2.65625000000000      -2.598385966464345E-002 -3.957537628848220E-002
   2.68750000000000      -2.700600836690606E-002 -4.385411292290409E-002
   2.71875000000000      -2.652652055429394E-002 -4.903235656446759E-002
   2.75000000000000      -2.272381903608828E-002 -5.271126591940100E-002
   2.78125000000000      -1.960239431350528E-002 -5.417513517037559E-002
   2.81250000000000      -1.675868765699454E-002 -5.484976609882197E-002
   2.84375000000000      -1.416979792083218E-002 -5.471770498215600E-002
   2.87500000000000      -1.262343999086255E-002 -5.344892352998640E-002
   2.90625000000000      -1.189469717005010E-002 -5.391140170982560E-002
   2.93750000000000      -1.010085593833125E-002 -5.416511991405225E-002
   2.96875000000000      -7.834129064138355E-003 -5.364487463359967E-002
   3.00000000000000      -5.517184433552503E-003 -5.185532300379973E-002
   3.03125000000000      -4.877404823808136E-003 -4.751681806242249E-002
   3.06250000000000      -7.501411361421445E-003 -4.608881837479351E-002
   3.09375000000000      -9.209704067129350E-003 -4.597575429441935E-002
   3.12500000000000      -1.048394031962476E-002 -4.635613347221033E-002
   3.15625000000000      -1.148157172683130E-002 -4.706092521432051E-002
   3.18750000000000      -1.224799174945848E-002 -4.815326629172104E-002
   3.21875000000000      -1.246457938527759E-002 -4.927128273871175E-002
   3.25000000000000      -1.266141298351192E-002 -5.046118916617914E-002
   3.28125000000000      -1.271732038723185E-002 -5.189488040031237E-002
   3.31250000000000      -1.254303925855738E-002 -5.368082747590618E-002
   3.34375000000000      -1.195167144893147E-002 -5.609493611829570E-002
   3.37500000000000      -8.985132851608327E-003 -5.898294978694819E-002
   3.40625000000000      -5.525052380438243E-003 -5.947552818938655E-002
   3.43750000000000      -2.441126690081887E-003 -5.906656871031435E-002
   3.46875000000000       3.106443375835571E-004 -5.797822182212283E-002
   3.50000000000000       2.667814942367236E-003 -5.625881728159460E-002
   3.53125000000000       4.420455767769163E-003 -5.375954070024846E-002
   3.56250000000000       4.405151803514285E-003 -5.153219678919278E-002
   3.59375000000000       4.510737260769919E-003 -5.012486121858580E-002
   3.62500000000000       4.627726313508412E-003 -4.887401231606761E-002
   3.65625000000000       4.688202432333082E-003 -4.768716211703918E-002
   3.68750000000000       4.638279720131330E-003 -4.652624194310179E-002
   3.71875000000000       4.352623276256610E-003 -4.537733042339306E-002
   3.75000000000000       3.927258137552860E-003 -4.473266244616457E-002
   3.78125000000000       3.756008118468783E-003 -4.408428044100523E-002
   3.81250000000000       3.596078226158583E-003 -4.336774072117441E-002
   3.84375000000000       3.373022602872809E-003 -4.257251801491838E-002
   3.87500000000000       3.006795707103846E-003 -4.167603739819820E-002
   3.90625000000000       2.322701752787740E-003 -4.061323769438905E-002
   3.93750000000000       6.275344839578496E-004 -4.009648567129842E-002
   3.96875000000000      -4.873141478340310E-004 -4.047498015228742E-002
   4.00000000000000      -1.259803827221533E-003 -4.096007332592012E-002
   4.03125000000000      -1.825076649390654E-003 -4.149296168437155E-002
   4.06250000000000      -2.241993775759676E-003 -4.204434791716158E-002
   4.09375000000000      -2.551163047581367E-003 -4.258175845291244E-002
   4.12500000000000      -2.839199213989723E-003 -4.297150019012178E-002
   4.15625000000000      -3.469114072904352E-003 -4.369317490103539E-002
   4.18750000000000      -3.851429863062345E-003 -4.471980038994253E-002
   4.21875000000000      -4.022164292732411E-003 -4.592864672645441E-002
   4.25000000000000      -3.964300548093049E-003 -4.729808412380687E-002
   4.28125000000000      -3.636218654962118E-003 -4.882929832534581E-002
   4.31250000000000      -2.944278074604415E-003 -5.055214287321535E-002
   4.34375000000000      -1.335048359354527E-003 -5.256506157561231E-002
   4.37500000000000       7.613449652548788E-004 -5.318325978312272E-002
   4.40625000000000       2.453243877589756E-003 -5.357709719141419E-002
   4.43750000000000       4.035271254053848E-003 -5.390541410822735E-002
   4.46875000000000       5.608124313351611E-003 -5.422704307062746E-002
   4.50000000000000       7.260365443846603E-003 -5.459468203935203E-002
   4.53125000000000       9.131474381477739E-003 -5.508853144126018E-002
   4.56250000000000       1.166576592368968E-002 -5.595101111657876E-002
   4.59375000000000       1.598475164736732E-002 -5.499006005339889E-002
   4.62500000000000       1.891891460548316E-002 -5.268669236594112E-002
   4.65625000000000       2.112814232298561E-002 -4.999988092032644E-002
   4.68750000000000       2.274207443825363E-002 -4.702055903273749E-002
   4.71875000000000       2.376894743228135E-002 -4.377897635796517E-002
   4.75000000000000       2.413276425984344E-002 -4.027078083571738E-002
   4.78125000000000       2.359357607963282E-002 -3.643404947174570E-002
   4.81250000000000       2.052678571546618E-002 -3.255899019219828E-002
   4.84375000000000       1.751373277188471E-002 -3.216952362989484E-002
   4.87500000000000       1.560909555319797E-002 -3.216570843698131E-002
   4.90625000000000       1.420673473764531E-002 -3.233121567361692E-002
   4.93750000000000       1.313174861749607E-002 -3.260548862922456E-002
   4.96875000000000       1.230480603793504E-002 -3.296242999073735E-002
   5.00000000000000       1.168899779828862E-002 -3.339150185598622E-002
   5.03125000000000       1.128282482475890E-002 -3.389580692148007E-002
   5.06250000000000       1.125834003382502E-002 -3.445052061524562E-002
   5.09375000000000       1.132420777330965E-002 -3.462725637002846E-002
   5.12500000000000       1.133226348332305E-002 -3.478579657346000E-002
   5.15625000000000       1.134970963363050E-002 -3.495678500381999E-002
   5.18750000000000       1.139761013108885E-002 -3.515294701207632E-002
   5.21875000000000       1.149094774907443E-002 -3.538553364652396E-002
   5.25000000000000       1.164792952828273E-002 -3.566952713218458E-002
   5.28125000000000       1.190151512561655E-002 -3.603222877948461E-002
   5.31250000000000       1.235494394303715E-002 -3.655681878503974E-002
   5.34375000000000       1.346407132529437E-002 -3.677027951462721E-002
   5.37500000000000       1.435612937055047E-002 -3.651666664943464E-002
   5.40625000000000       1.512346550973586E-002 -3.612479493704551E-002
   5.43750000000000       1.579946749060227E-002 -3.563560770905104E-002
   5.46875000000000       1.639490040929863E-002 -3.506883549624801E-002
   5.50000000000000       1.691295937018329E-002 -3.443665591463910E-002
   5.53125000000000       1.735278974043490E-002 -3.374692709142353E-002
   5.56250000000000       1.770953583624544E-002 -3.300240895651505E-002
   5.59375000000000       1.796401929824894E-002 -3.218032168609743E-002
   5.62500000000000       1.798758070919902E-002 -3.142454196466833E-002
   5.65625000000000       1.800752493036468E-002 -3.076293095344172E-002
   5.68750000000000       1.800568988574968E-002 -3.012885595803274E-002
   5.71875000000000       1.797557424126137E-002 -2.951010585439676E-002
   5.75000000000000       1.791196594105520E-002 -2.890083052880477E-002
   5.78125000000000       1.780833002185044E-002 -2.829743867816595E-002
   5.81250000000000       1.765440450442162E-002 -2.769732133022925E-002
   5.84375000000000       1.743044322601129E-002 -2.709822797693887E-002
   5.87500000000000       1.707870323777004E-002 -2.649759112318175E-002
   5.90625000000000       1.651962968634095E-002 -2.619315323356035E-002
   5.93750000000000       1.619977938885116E-002 -2.603558114045823E-002
   5.96875000000000       1.596041190854299E-002 -2.587593931287867E-002
   6.00000000000000       1.576391302658774E-002 -2.571323418379819E-002
   6.03125000000000       1.559343586334337E-002 -2.554651331375113E-002
   6.06250000000000       1.543821357191079E-002 -2.537462016863973E-002
   6.09375000000000       1.528929934057087E-002 -2.519589558497447E-002
   6.12500000000000       1.513680575063649E-002 -2.500752762856081E-002
   6.15625000000000       1.496490422577998E-002 -2.480347693650020E-002
   6.18750000000000       1.471841292997689E-002 -2.455837350143495E-002
   6.21875000000000       1.433961137799082E-002 -2.453546014670833E-002
   6.25000000000000       1.410229090582256E-002 -2.459496202297099E-002
   6.28125000000000       1.393046717805618E-002 -2.467940440604398E-002
   6.31250000000000       1.380904784636958E-002 -2.478185118709518E-002
   6.34375000000000       1.373239552545968E-002 -2.489981392833365E-002
   6.37500000000000       1.369924709323023E-002 -2.503272544759556E-002
   6.40625000000000       1.371188888123999E-002 -2.518144769345037E-002
   6.43750000000000       1.377736447617586E-002 -2.534862711487179E-002
   6.46875000000000       1.391271167344160E-002 -2.554051195521983E-002
   6.50000000000000       1.417443904294983E-002 -2.577723026034582E-002
   6.53125000000000       1.472249227631871E-002 -2.577561723439904E-002
   6.56250000000000       1.508071952866980E-002 -2.556659693383947E-002
   6.59375000000000       1.535506768405079E-002 -2.532597087142209E-002
   6.62500000000000       1.557550871416979E-002 -2.506593781178262E-002
   6.65625000000000       1.575326873876065E-002 -2.479190934985909E-002
   6.68750000000000       1.589306055185354E-002 -2.450701162472656E-002
   6.71875000000000       1.599593188455968E-002 -2.421325690132788E-002
   6.75000000000000       1.605969373450325E-002 -2.391193363350115E-002
   6.78125000000000       1.607752475211557E-002 -2.360361362624819E-002
   6.81250000000000       1.603180116632498E-002 -2.328749558001314E-002
   6.84375000000000       1.583829412326926E-002 -2.295395196899588E-002
   6.87500000000000       1.557563000464745E-002 -2.296764484334270E-002
   6.90625000000000       1.548661688815478E-002 -2.301345201181621E-002
   6.93750000000000       1.546591957480242E-002 -2.306781309297387E-002
   6.96875000000000       1.549455322482048E-002 -2.312813301847434E-002
   7.00000000000000       1.556552135353143E-002 -2.319350218518509E-002
   7.03125000000000       1.567695060033708E-002 -2.326371452715879E-002
   7.06250000000000       1.583051136758768E-002 -2.333904220501931E-002
   7.09375000000000       1.603168442365117E-002 -2.342026817743541E-002
   7.12500000000000       1.629197028840555E-002 -2.350898304044845E-002
   7.15625000000000       1.663642668077440E-002 -2.360860029939876E-002
   7.18750000000000       1.714470821432220E-002 -2.372988242377660E-002
   7.21875000000000       1.795307372565848E-002 -2.345894487859434E-002
   7.25000000000000       1.843932036597906E-002 -2.296355983834666E-002
   7.28125000000000       1.879483843656435E-002 -2.245018964496891E-002
   7.31250000000000       1.906440589382203E-002 -2.192512619339413E-002
   7.34375000000000       1.926525526639791E-002 -2.139091509163170E-002
   7.37500000000000       1.940513240893868E-002 -2.084882167198056E-002
   7.40625000000000       1.948671920856265E-002 -2.029944751605322E-002
   7.43750000000000       1.950882632450699E-002 -1.974291315636821E-002
   7.46875000000000       1.946596256980276E-002 -1.917883423499715E-002
   7.50000000000000       1.934574781434185E-002 -1.860604282752149E-002
   7.53125000000000       1.911967993850860E-002 -1.802153828797483E-002
   7.56250000000000       1.868013447117175E-002 -1.741312266600660E-002
   7.59375000000000       1.802257582987201E-002 -1.730402980327141E-002
   7.62500000000000       1.766568165474822E-002 -1.730789320114402E-002
   7.65625000000000       1.740861575481236E-002 -1.732336149186203E-002
   7.68750000000000       1.721305430639573E-002 -1.734620075781826E-002
   7.71875000000000       1.706215572692724E-002 -1.737469594641619E-002
   7.75000000000000       1.694666838799360E-002 -1.740802735311293E-002
   7.78125000000000       1.686097950920714E-002 -1.744582197737159E-002
   7.81250000000000       1.680156969442073E-002 -1.748799241629828E-002
   7.84375000000000       1.676633268020567E-002 -1.753468930427165E-002
   7.87500000000000       1.675433597883863E-002 -1.758633595194774E-002
   7.90625000000000       1.676602694985413E-002 -1.764380814890554E-002
   7.93750000000000       1.680489379322626E-002 -1.770922955914253E-002
   7.96875000000000       1.689357276775426E-002 -1.777023962186377E-002
   8.00000000000000       1.699109855287302E-002 -1.780054736670082E-002
   8.03125000000000       1.709679066937418E-002 -1.782772707451966E-002
   8.06250000000000       1.721521936976770E-002 -1.785411523026204E-002
   8.09375000000000       1.734876042585397E-002 -1.788079573808459E-002
   8.12500000000000       1.749957259007289E-002 -1.790854210901963E-002
   8.15625000000000       1.767014483852751E-002 -1.793805244215213E-002
   8.18750000000000       1.786368756912162E-002 -1.797006734910091E-002
   8.21875000000000       1.808464111661031E-002 -1.800547591674196E-002
   8.25000000000000       1.833956591941289E-002 -1.804546763851972E-002
   8.28125000000000       1.863902996136755E-002 -1.809183007076150E-002
   8.31250000000000       1.900262466054818E-002 -1.814771627581327E-002
   8.34375000000000       1.947934186423746E-002 -1.822071612834919E-002
   8.37500000000000       2.029098437382612E-002 -1.811805012614771E-002
   8.40625000000000       2.088014497382761E-002 -1.763586760236752E-002
   8.43750000000000       2.131929844027527E-002 -1.712867705004149E-002
   8.46875000000000       2.167123219964102E-002 -1.660663423461482E-002
   8.50000000000000       2.195758572987410E-002 -1.607355756607823E-002
   8.53125000000000       2.218886493406075E-002 -1.553152117249270E-002
   8.56250000000000       2.237062014621365E-002 -1.498182757795498E-002
   8.59375000000000       2.250549548253238E-002 -1.442534637920718E-002
   8.62500000000000       2.259395046757249E-002 -1.386265242211950E-002
   8.65625000000000       2.263429956492515E-002 -1.329407076791686E-002
   8.68750000000000       2.262208075133694E-002 -1.271964729443025E-002
   8.71875000000000       2.254813200110186E-002 -1.213899650003730E-002
   8.75000000000000       2.239255062168045E-002 -1.155077103654990E-002
   8.78125000000000       2.209249281143993E-002 -1.094968504201863E-002
   8.81250000000000       2.154858924920918E-002 -1.066668891269329E-002
   8.84375000000000       2.125624904239296E-002 -1.055688975441587E-002
   8.87500000000000       2.105658075636059E-002 -1.045635962598490E-002
   8.90625000000000       2.091264067809823E-002 -1.036143319049495E-002
   8.93750000000000       2.080976241251413E-002 -1.027064020847511E-002
   8.96875000000000       2.074065222520384E-002 -1.018323715846637E-002
   9.00000000000000       2.070158751216986E-002 -1.009883051566123E-002
   9.03125000000000       2.069106855826382E-002 -1.001724124519379E-002
   9.06250000000000       2.070935344038863E-002 -9.938455356955611E-003
   9.09375000000000       2.075848901496167E-002 -9.862621262433278E-003
   9.12500000000000       2.084285184503610E-002 -9.790092820011054E-003
   9.15625000000000       2.097063024326093E-002 -9.721553958532130E-003
   9.18750000000000       2.115795494250640E-002 -9.658370585433338E-003
   9.21875000000000       2.144509949103917E-002 -9.603976818261575E-003
   9.25000000000000       2.203128742925512E-002 -9.413020685557563E-003
   9.28125000000000       2.242098505050647E-002 -8.843935075148170E-003
   9.31250000000000       2.265861573970538E-002 -8.260183393149522E-003
   9.34375000000000       2.281068090221209E-002 -7.668341736172607E-003
   9.37500000000000       2.289861530701549E-002 -7.070863426991715E-003
   9.40625000000000       2.293262077155274E-002 -6.469143795238767E-003
   9.43750000000000       2.291810905768935E-002 -5.864128956616527E-003
   9.46875000000000       2.285783488894636E-002 -5.256529393120894E-003
   9.50000000000000       2.275273413723207E-002 -4.646915300335385E-003
   9.53125000000000       2.260220224277446E-002 -4.035764909617452E-003
   9.56250000000000       2.240400328327813E-002 -3.423489526833103E-003
   9.59375000000000       2.215375197745490E-002 -2.810442861416664E-003
   9.62500000000000       2.184357923268332E-002 -2.196911625662193E-003
   9.65625000000000       2.145853746684655E-002 -1.583061452102341E-003
   9.68750000000000       2.096331099715567E-002 -9.686829845410513E-004
   9.71875000000000       2.017070849306967E-002 -4.553584558702549E-004
   9.75000000000000       1.952965366532171E-002 -3.518815688522356E-004
   9.78125000000000       1.903492089456756E-002 -2.532102803687149E-004
   9.81250000000000       1.860611556043283E-002 -1.571040355142793E-004
   9.84375000000000       1.821860475454697E-002 -6.283067717762950E-005
   9.87500000000000       1.786000444939420E-002  2.999217676899479E-005
   9.90625000000000       1.752277874092396E-002  1.216015794169229E-004
   9.93750000000000       1.720178598647341E-002  2.121586392708626E-004
   9.96875000000000       1.689320780086370E-002  3.017789969584423E-004
   10.0000000000000       1.659398884088921E-002  3.905482629221605E-004
   11.0000000000000       1.508544440080837E-002  0.000000000000000E+000
   12.0000000000000       1.382832403407434E-002  0.000000000000000E+000
   13.0000000000000       1.276460680068401E-002  0.000000000000000E+000
   14.0000000000000       1.185284917206372E-002  0.000000000000000E+000
   15.0000000000000       1.106265922725947E-002  0.000000000000000E+000
   16.0000000000000       1.037124302555576E-002  0.000000000000000E+000
   17.0000000000000       9.761169906405418E-003  0.000000000000000E+000
   18.0000000000000       9.218882689382894E-003  0.000000000000000E+000
   19.0000000000000       8.733678337310110E-003  0.000000000000000E+000
   20.0000000000000       8.296994420444605E-003  0.000000000000000E+000
   21.0000000000000       7.901899448042480E-003  0.000000000000000E+000
   22.0000000000000       7.542722200404186E-003  0.000000000000000E+000
   23.0000000000000       7.214777756908352E-003  0.000000000000000E+000
   24.0000000000000       6.914162017037171E-003  0.000000000000000E+000
   25.0000000000000       6.637595536355683E-003  0.000000000000000E+000
   26.0000000000000       6.382303400342003E-003  0.000000000000000E+000
   27.0000000000000       6.145921792921929E-003  0.000000000000000E+000
   28.0000000000000       5.926424586031861E-003  0.000000000000000E+000
   29.0000000000000       5.722065117548004E-003  0.000000000000000E+000
   30.0000000000000       5.531329613629736E-003  0.000000000000000E+000
   31.0000000000000       5.352899626093293E-003  0.000000000000000E+000
   32.0000000000000       5.185621512777878E-003  0.000000000000000E+000
   33.0000000000000       5.028481466936124E-003  0.000000000000000E+000
   34.0000000000000       4.880584953202709E-003  0.000000000000000E+000
   35.0000000000000       4.741139668825488E-003  0.000000000000000E+000
   36.0000000000000       4.609441344691447E-003  0.000000000000000E+000
   37.0000000000000       4.484861848888975E-003  0.000000000000000E+000
   38.0000000000000       4.366839168655055E-003  0.000000000000000E+000
   39.0000000000000       4.254868933561336E-003  0.000000000000000E+000
   40.0000000000000       4.148497210222302E-003  0.000000000000000E+000
   41.0000000000000       4.047314351436393E-003  0.000000000000000E+000
   42.0000000000000       3.950949724021240E-003  0.000000000000000E+000
   43.0000000000000       3.859067172299816E-003  0.000000000000000E+000
   44.0000000000000       3.771361100202093E-003  0.000000000000000E+000
   45.0000000000000       3.687553075753158E-003  0.000000000000000E+000
   46.0000000000000       3.607388878454176E-003  0.000000000000000E+000
   47.0000000000000       3.530635923593449E-003  0.000000000000000E+000
   48.0000000000000       3.457081008518585E-003  0.000000000000000E+000
   49.0000000000000       3.386528334875349E-003  0.000000000000000E+000
   50.0000000000000       3.318797768177842E-003  0.000000000000000E+000
   51.0000000000000       3.253723302135139E-003  0.000000000000000E+000
   52.0000000000000       3.191151700171002E-003  0.000000000000000E+000
   53.0000000000000       3.130941290733813E-003  0.000000000000000E+000
   54.0000000000000       3.072960896460965E-003  0.000000000000000E+000
   55.0000000000000       3.017088880161674E-003  0.000000000000000E+000
   56.0000000000000       2.963212293015930E-003  0.000000000000000E+000
   57.0000000000000       2.911226112436703E-003  0.000000000000000E+000
   58.0000000000000       2.861032558774002E-003  0.000000000000000E+000
   59.0000000000000       2.812540481506646E-003  0.000000000000000E+000
   60.0000000000000       2.765664806814868E-003  0.000000000000000E+000
   61.0000000000000       2.720326039490034E-003  0.000000000000000E+000
   62.0000000000000       2.676449813046647E-003  0.000000000000000E+000
   63.0000000000000       2.633966482680827E-003  0.000000000000000E+000
   64.0000000000000       2.592810756388939E-003  0.000000000000000E+000
   65.0000000000000       2.552921360136802E-003  0.000000000000000E+000
   66.0000000000000       2.514240733468062E-003  0.000000000000000E+000
   67.0000000000000       2.476714752371524E-003  0.000000000000000E+000
   68.0000000000000       2.440292476601354E-003  0.000000000000000E+000
   69.0000000000000       2.404925918969450E-003  0.000000000000000E+000
   70.0000000000000       2.370569834412744E-003  0.000000000000000E+000
   71.0000000000000       2.337181526885804E-003  0.000000000000000E+000
   72.0000000000000       2.304720672345723E-003  0.000000000000000E+000
   73.0000000000000       2.273149156286193E-003  0.000000000000000E+000
   74.0000000000000       2.242430924444488E-003  0.000000000000000E+000
   75.0000000000000       2.212531845451894E-003  0.000000000000000E+000
   76.0000000000000       2.183419584327528E-003  0.000000000000000E+000
   77.0000000000000       2.155063485829768E-003  0.000000000000000E+000
   78.0000000000000       2.127434466780668E-003  0.000000000000000E+000
   79.0000000000000       2.100504916568254E-003  0.000000000000000E+000
   80.0000000000000       2.074248605111151E-003  0.000000000000000E+000
   81.0000000000000       2.048640597640643E-003  0.000000000000000E+000
   82.0000000000000       2.023657175718196E-003  0.000000000000000E+000
   83.0000000000000       1.999275763962556E-003  0.000000000000000E+000
   84.0000000000000       1.975474862010620E-003  0.000000000000000E+000
   85.0000000000000       1.952233981281084E-003  0.000000000000000E+000
   86.0000000000000       1.929533586149908E-003  0.000000000000000E+000
   87.0000000000000       1.907355039182668E-003  0.000000000000000E+000
   88.0000000000000       1.885680550101047E-003  0.000000000000000E+000
   89.0000000000000       1.864493128189799E-003  0.000000000000000E+000
   90.0000000000000       1.843776537876579E-003  0.000000000000000E+000
   91.0000000000000       1.823515257240573E-003  0.000000000000000E+000
   92.0000000000000       1.803694439227088E-003  0.000000000000000E+000
   93.0000000000000       1.784299875364431E-003  0.000000000000000E+000
   94.0000000000000       1.765317961796724E-003  0.000000000000000E+000
   95.0000000000000       1.746735667462022E-003  0.000000000000000E+000
   96.0000000000000       1.728540504259293E-003  0.000000000000000E+000
   97.0000000000000       1.710720499060743E-003  0.000000000000000E+000
   98.0000000000000       1.693264167437674E-003  0.000000000000000E+000
   99.0000000000000       1.676160488978708E-003  0.000000000000000E+000
   100.000000000000       1.659398884088921E-003  0.000000000000000E+000
   101.000000000000       1.642969192167248E-003  0.000000000000000E+000
   102.000000000000       1.626861651067569E-003  0.000000000000000E+000
   103.000000000000       1.611066877756234E-003  0.000000000000000E+000
   104.000000000000       1.595575850085501E-003  0.000000000000000E+000
   105.000000000000       1.580379889608496E-003  0.000000000000000E+000
   106.000000000000       1.565470645366907E-003  0.000000000000000E+000
   107.000000000000       1.550840078587777E-003  0.000000000000000E+000
   108.000000000000       1.536480448230482E-003  0.000000000000000E+000
   109.000000000000       1.522384297329285E-003  0.000000000000000E+000
   110.000000000000       1.508544440080837E-003  0.000000000000000E+000
   111.000000000000       1.494953949629659E-003  0.000000000000000E+000
   112.000000000000       1.481606146507965E-003  0.000000000000000E+000
   113.000000000000       1.468494587689311E-003  0.000000000000000E+000
   114.000000000000       1.455613056218352E-003  0.000000000000000E+000
   115.000000000000       1.442955551381670E-003  0.000000000000000E+000
   116.000000000000       1.430516279387001E-003  0.000000000000000E+000
   117.000000000000       1.418289644520445E-003  0.000000000000000E+000
   118.000000000000       1.406270240753323E-003  0.000000000000000E+000
   119.000000000000       1.394452843772203E-003  0.000000000000000E+000
   120.000000000000       1.382832403407434E-003  0.000000000000000E+000
   121.000000000000       1.371404036437125E-003  0.000000000000000E+000
   122.000000000000       1.360163019745017E-003  0.000000000000000E+000
   123.000000000000       1.349104783812131E-003  0.000000000000000E+000
   124.000000000000       1.338224906523323E-003  0.000000000000000E+000
   125.000000000000       1.327519107271137E-003  0.000000000000000E+000
   126.000000000000       1.316983241340413E-003  0.000000000000000E+000
   127.000000000000       1.306613294558205E-003  0.000000000000000E+000
   128.000000000000       1.296405378194469E-003  0.000000000000000E+000
   129.000000000000       1.286355724099939E-003  0.000000000000000E+000
   130.000000000000       1.276460680068401E-003  0.000000000000000E+000
   131.000000000000       1.266716705411390E-003  0.000000000000000E+000
   132.000000000000       1.257120366734031E-003  0.000000000000000E+000
   133.000000000000       1.247668333901444E-003  0.000000000000000E+000
   134.000000000000       1.238357376185762E-003  0.000000000000000E+000
   135.000000000000       1.229184358584386E-003  0.000000000000000E+000
   136.000000000000       1.220146238300677E-003  0.000000000000000E+000
   137.000000000000       1.211240061378774E-003  0.000000000000000E+000
   138.000000000000       1.202462959484725E-003  0.000000000000000E+000
   139.000000000000       1.193812146826562E-003  0.000000000000000E+000
   140.000000000000       1.185284917206372E-003  0.000000000000000E+000
   141.000000000000       1.176878641197816E-003  0.000000000000000E+000
   142.000000000000       1.168590763442902E-003  0.000000000000000E+000
   143.000000000000       1.160418800062182E-003  0.000000000000000E+000
   144.000000000000       1.152360336172862E-003  0.000000000000000E+000
   145.000000000000       1.144413023509601E-003  0.000000000000000E+000
   146.000000000000       1.136574578143097E-003  0.000000000000000E+000
   147.000000000000       1.128842778291783E-003  0.000000000000000E+000
   148.000000000000       1.121215462222244E-003  0.000000000000000E+000
   149.000000000000       1.113690526234175E-003  0.000000000000000E+000
   150.000000000000       1.106265922725947E-003  0.000000000000000E+000
   151.000000000000       1.098939658337034E-003  0.000000000000000E+000
   152.000000000000       1.091709792163764E-003  0.000000000000000E+000
   153.000000000000       1.084574434045046E-003  0.000000000000000E+000
   154.000000000000       1.077531742914884E-003  0.000000000000000E+000
   155.000000000000       1.070579925218659E-003  0.000000000000000E+000
   156.000000000000       1.063717233390334E-003  0.000000000000000E+000
   157.000000000000       1.056941964387848E-003  0.000000000000000E+000
   158.000000000000       1.050252458284127E-003  0.000000000000000E+000
   159.000000000000       1.043647096911271E-003  0.000000000000000E+000
   160.000000000000       1.037124302555576E-003  0.000000000000000E+000
   161.000000000000       1.030682536701193E-003  0.000000000000000E+000
   162.000000000000       1.024320298820322E-003  0.000000000000000E+000
   163.000000000000       1.018036125207927E-003  0.000000000000000E+000
   164.000000000000       1.011828587859098E-003  0.000000000000000E+000
   165.000000000000       1.005696293387225E-003  0.000000000000000E+000
   166.000000000000       9.996378819812778E-004  0.000000000000000E+000
   167.000000000000       9.936520264005515E-004  0.000000000000000E+000
   168.000000000000       9.877374310053100E-004  0.000000000000000E+000
   169.000000000000       9.818928308218467E-004  0.000000000000000E+000
   170.000000000000       9.761169906405418E-004  0.000000000000000E+000
   171.000000000000       9.704087041455678E-004  0.000000000000000E+000
   172.000000000000       9.647667930749541E-004  0.000000000000000E+000
   173.000000000000       9.591901064097809E-004  0.000000000000000E+000
   174.000000000000       9.536775195913338E-004  0.000000000000000E+000
   175.000000000000       9.482279337650976E-004  0.000000000000000E+000
   176.000000000000       9.428402750505233E-004  0.000000000000000E+000
   177.000000000000       9.375134938355486E-004  0.000000000000000E+000
   178.000000000000       9.322465640948994E-004  0.000000000000000E+000
   179.000000000000       9.270384827312408E-004  0.000000000000000E+000
   180.000000000000       9.218882689382894E-004  0.000000000000000E+000
   181.000000000000       9.167949635850392E-004  0.000000000000000E+000
   182.000000000000       9.117576286202863E-004  0.000000000000000E+000
   183.000000000000       9.067753464966781E-004  0.000000000000000E+000
   184.000000000000       9.018472196135440E-004  0.000000000000000E+000
   185.000000000000       8.969723697777951E-004  0.000000000000000E+000
   186.000000000000       8.921499376822156E-004  0.000000000000000E+000
   187.000000000000       8.873790824004925E-004  0.000000000000000E+000
   188.000000000000       8.826589808983622E-004  0.000000000000000E+000
   189.000000000000       8.779888275602756E-004  0.000000000000000E+000
   190.000000000000       8.733678337310110E-004  0.000000000000000E+000
   191.000000000000       8.687952272716864E-004  0.000000000000000E+000
   192.000000000000       8.642702521296464E-004  0.000000000000000E+000
   193.000000000000       8.597921679217206E-004  0.000000000000000E+000
   194.000000000000       8.553602495303716E-004  0.000000000000000E+000
   195.000000000000       8.509737867122671E-004  0.000000000000000E+000
   196.000000000000       8.466320837188372E-004  0.000000000000000E+000
   197.000000000000       8.423344589283863E-004  0.000000000000000E+000
   198.000000000000       8.380802444893541E-004  0.000000000000000E+000
   199.000000000000       8.338687859743321E-004  0.000000000000000E+000
   200.000000000000       8.296994420444604E-004  0.000000000000000E+000
   201.000000000000       8.255715841238413E-004  0.000000000000000E+000
   202.000000000000       8.214845960836242E-004  0.000000000000000E+000
   203.000000000000       8.174378739354291E-004  0.000000000000000E+000
   204.000000000000       8.134308255337847E-004  0.000000000000000E+000
   205.000000000000       8.094628702872785E-004  0.000000000000000E+000
   206.000000000000       8.055334388781170E-004  0.000000000000000E+000
   207.000000000000       8.016419729898169E-004  0.000000000000000E+000
   208.000000000000       7.977879250427504E-004  0.000000000000000E+000
   209.000000000000       7.939707579372828E-004  0.000000000000000E+000
   210.000000000000       7.901899448042480E-004  0.000000000000000E+000
   211.000000000000       7.864449687625218E-004  0.000000000000000E+000
   212.000000000000       7.827353226834533E-004  0.000000000000000E+000
   213.000000000000       7.790605089619347E-004  0.000000000000000E+000
   214.000000000000       7.754200392938883E-004  0.000000000000000E+000
   215.000000000000       7.718134344599632E-004  0.000000000000000E+000
   216.000000000000       7.682402241152411E-004  0.000000000000000E+000
   217.000000000000       7.646999465847562E-004  0.000000000000000E+000
   218.000000000000       7.611921486646426E-004  0.000000000000000E+000
   219.000000000000       7.577163854287310E-004  0.000000000000000E+000
   220.000000000000       7.542722200404186E-004  0.000000000000000E+000
   221.000000000000       7.508592235696475E-004  0.000000000000000E+000
   222.000000000000       7.474769748148293E-004  0.000000000000000E+000
   223.000000000000       7.441250601295609E-004  0.000000000000000E+000
   224.000000000000       7.408030732539826E-004  0.000000000000000E+000
   225.000000000000       7.375106151506315E-004  0.000000000000000E+000
   226.000000000000       7.342472938446553E-004  0.000000000000000E+000
   227.000000000000       7.310127242682471E-004  0.000000000000000E+000
   228.000000000000       7.278065281091759E-004  0.000000000000000E+000
   229.000000000000       7.246283336632842E-004  0.000000000000000E+000
   230.000000000000       7.214777756908352E-004  0.000000000000000E+000
   231.000000000000       7.183544952765892E-004  0.000000000000000E+000
   232.000000000000       7.152581396935004E-004  0.000000000000000E+000
   233.000000000000       7.121883622699231E-004  0.000000000000000E+000
   234.000000000000       7.091448222602227E-004  0.000000000000000E+000
   235.000000000000       7.061271847186897E-004  0.000000000000000E+000
   236.000000000000       7.031351203766615E-004  0.000000000000000E+000
   237.000000000000       7.001683055227514E-004  0.000000000000000E+000
   238.000000000000       6.972264218861013E-004  0.000000000000000E+000
   239.000000000000       6.943091565225610E-004  0.000000000000000E+000
   240.000000000000       6.914162017037170E-004  0.000000000000000E+000
   241.000000000000       6.885472548086808E-004  0.000000000000000E+000
   242.000000000000       6.857020182185623E-004  0.000000000000000E+000
   243.000000000000       6.828801992135478E-004  0.000000000000000E+000
   244.000000000000       6.800815098725086E-004  0.000000000000000E+000
   245.000000000000       6.773056669750698E-004  0.000000000000000E+000
   246.000000000000       6.745523919060655E-004  0.000000000000000E+000
   247.000000000000       6.718214105623162E-004  0.000000000000000E+000
   248.000000000000       6.691124532616616E-004  0.000000000000000E+000
   249.000000000000       6.664252546541851E-004  0.000000000000000E+000
   250.000000000000       6.637595536355684E-004  0.000000000000000E+000
   251.000000000000       6.611150932625184E-004  0.000000000000000E+000
   252.000000000000       6.584916206702067E-004  0.000000000000000E+000
   253.000000000000       6.558888869916684E-004  0.000000000000000E+000
   254.000000000000       6.533066472791027E-004  0.000000000000000E+000
   255.000000000000       6.507446604270278E-004  0.000000000000000E+000
   256.000000000000       6.482026890972347E-004  0.000000000000000E+000
   257.000000000000       6.456804996454945E-004  0.000000000000000E+000
   258.000000000000       6.431778620499694E-004  0.000000000000000E+000
   259.000000000000       6.406945498412822E-004  0.000000000000000E+000
   260.000000000000       6.382303400342004E-004  0.000000000000000E+000
   261.000000000000       6.357850130608892E-004  0.000000000000000E+000
   262.000000000000       6.333583527056950E-004  0.000000000000000E+000
   263.000000000000       6.309501460414148E-004  0.000000000000000E+000
   264.000000000000       6.285601833670155E-004  0.000000000000000E+000
   265.000000000000       6.261882581467626E-004  0.000000000000000E+000
   266.000000000000       6.238341669507222E-004  0.000000000000000E+000
   267.000000000000       6.214977093965996E-004  0.000000000000000E+000
   268.000000000000       6.191786880928809E-004  0.000000000000000E+000
   269.000000000000       6.168769085832420E-004  0.000000000000000E+000
   270.000000000000       6.145921792921929E-004  0.000000000000000E+000
   271.000000000000       6.123243114719265E-004  0.000000000000000E+000
   272.000000000000       6.100731191503386E-004  0.000000000000000E+000
   273.000000000000       6.078384190801908E-004  0.000000000000000E+000
   274.000000000000       6.056200306893872E-004  0.000000000000000E+000
   275.000000000000       6.034177760323349E-004  0.000000000000000E+000
   276.000000000000       6.012314797423626E-004  0.000000000000000E+000
   277.000000000000       5.990609689851700E-004  0.000000000000000E+000
   278.000000000000       5.969060734132809E-004  0.000000000000000E+000
   279.000000000000       5.947666251214771E-004  0.000000000000000E+000
   280.000000000000       5.926424586031860E-004  0.000000000000000E+000
   281.000000000000       5.905334107078011E-004  0.000000000000000E+000
   282.000000000000       5.884393205989082E-004  0.000000000000000E+000
   283.000000000000       5.863600297133997E-004  0.000000000000000E+000
   284.000000000000       5.842953817214511E-004  0.000000000000000E+000
   285.000000000000       5.822452224873407E-004  0.000000000000000E+000
   286.000000000000       5.802094000310912E-004  0.000000000000000E+000
   287.000000000000       5.781877644909133E-004  0.000000000000000E+000
   288.000000000000       5.761801680864309E-004  0.000000000000000E+000
   289.000000000000       5.741864650826716E-004  0.000000000000000E+000
   290.000000000000       5.722065117548003E-004  0.000000000000000E+000
   291.000000000000       5.702401663535810E-004  0.000000000000000E+000
   292.000000000000       5.682872890715483E-004  0.000000000000000E+000
   293.000000000000       5.663477420098707E-004  0.000000000000000E+000
   294.000000000000       5.644213891458915E-004  0.000000000000000E+000
   295.000000000000       5.625080963013291E-004  0.000000000000000E+000
   296.000000000000       5.606077311111219E-004  0.000000000000000E+000
   297.000000000000       5.587201629929027E-004  0.000000000000000E+000
   298.000000000000       5.568452631170876E-004  0.000000000000000E+000
   299.000000000000       5.549829043775655E-004  0.000000000000000E+000
   300.000000000000       5.531329613629736E-004  0.000000000000000E+000
   301.000000000000       5.512953103285451E-004  0.000000000000000E+000
   302.000000000000       5.494698291685169E-004  0.000000000000000E+000
   303.000000000000       5.476563973890828E-004  0.000000000000000E+000
   304.000000000000       5.458548960818819E-004  0.000000000000000E+000
   305.000000000000       5.440652078980069E-004  0.000000000000000E+000
   306.000000000000       5.422872170225232E-004  0.000000000000000E+000
   307.000000000000       5.405208091494857E-004  0.000000000000000E+000
   308.000000000000       5.387658714574419E-004  0.000000000000000E+000
   309.000000000000       5.370222925854113E-004  0.000000000000000E+000
   310.000000000000       5.352899626093294E-004  0.000000000000000E+000
