  0.000000000000000E+000 -0.262653771308587       4.611847455642838E-006
  7.812500000000000E-003 -0.262909898358595      -7.147210110663121E-004
  1.562500000000000E-002 -0.263398050999024      -1.600558024205767E-003
  2.343750000000000E-002 -0.264315829653156      -2.401699366522405E-003
  3.125000000000000E-002 -0.265562638291703      -2.939228570669261E-003
  3.906250000000000E-002 -0.267966677216312      -3.529662474389702E-003
  4.687500000000000E-002 -0.271667652504707      -4.236767166876345E-003
  5.468750000000000E-002 -0.278615553664214      -3.896681391004294E-003
  6.250000000000000E-002 -0.295366190130752      -7.738541751523080E-003
  7.031250000000000E-002 -0.137086969225582      -5.305520089533199E-002
  7.812500000000000E-002 -0.283786415047071      -4.168451147785025E-002
  8.593750000000000E-002 -0.322354063272051      -0.278842631430514     
  9.375000000000000E-002 -0.203963841904617      -4.117929827077704E-003
  0.101562500000000      -0.238939328824447      -8.517452789729263E-003
  0.109375000000000      -0.250116903041009      -1.106485729752612E-002
  0.117187500000000      -0.258740986828283      -1.547335607550969E-002
  0.125000000000000      -0.265440237953346      -1.968477773007057E-002
  0.132812500000000      -0.270643195187477      -2.723706939921041E-002
  0.140625000000000      -0.275109704390928      -3.644746171956168E-002
  0.148437500000000      -0.273819752850163      -4.753745423647891E-002
  0.156250000000000      -0.267918368623734      -5.916470499400845E-002
  0.164062500000000      -0.259644214125803      -6.062005322965591E-002
  0.171875000000000      -0.254844184992240      -6.611666930079202E-002
  0.179687500000000      -0.242576013539957      -6.594763299313888E-002
  0.187500000000000      -0.238661497588381      -6.137046546832207E-002
  0.195312500000000      -0.236424534396407      -5.785181176025399E-002
  0.203125000000000      -0.236773740036285      -5.481781137981202E-002
  0.210937500000000      -0.237992791173199      -5.313326326547591E-002
  0.218750000000000      -0.241594259891949      -5.388517774765601E-002
  0.226562500000000      -0.242239081769554      -5.814268840828619E-002
  0.234375000000000      -0.238866827050527      -6.373645214701275E-002
  0.242187500000000      -0.232073635374967      -6.082015782493231E-002
  0.250000000000000      -0.231066569552591      -5.804623422612540E-002
  0.257812500000000      -0.231064217854992      -5.586513283720793E-002
  0.265625000000000      -0.231969174472440      -5.508630215223285E-002
  0.273437500000000      -0.232032015686925      -5.470359670694955E-002
  0.281250000000000      -0.231003959450487      -5.330293283173616E-002
  0.289062500000000      -0.232941390083016      -5.109537728168592E-002
  0.296875000000000      -0.234259534259719      -4.982849421951702E-002
  0.304687500000000      -0.235897585506386      -4.667772026224305E-002
  0.312500000000000      -0.242084848925654      -4.542818404176905E-002
  0.320312500000000      -0.246964812646120      -4.634421495091005E-002
  0.328125000000000      -0.251908469600983      -4.767611207716617E-002
  0.335937500000000      -0.257063313020090      -5.100293766762744E-002
  0.343750000000000      -0.260933570137204      -5.437142294852752E-002
  0.351562500000000      -0.265054200903530      -5.759885135566883E-002
  0.359375000000000      -0.270900394874544      -6.154657423364675E-002
  0.367187500000000      -0.276424694831602      -6.821831509300812E-002
  0.375000000000000      -0.281759950447636      -7.702967660194662E-002
  0.382812500000000      -0.285568569193635      -9.083267412174165E-002
  0.390625000000000      -0.277696827923326      -0.103032688269788     
  0.398437500000000      -0.272755225378891      -0.109015984498983     
  0.406250000000000      -0.268539345629373      -0.114898379580573     
  0.414062500000000      -0.262560978235531      -0.120997118250827     
  0.421875000000000      -0.256884991058352      -0.122038363515875     
  0.429687500000000      -0.253688244208081      -0.123369468038995     
  0.437500000000000      -0.251243756420722      -0.124619873612208     
  0.445312500000000      -0.250125097277454      -0.123811320612373     
  0.453125000000000      -0.254328834498776      -0.126552226969001     
  0.460937500000000      -0.258013717669239      -0.133099282654060     
  0.468750000000000      -0.260856980031225      -0.143752921610115     
  0.476562500000000      -0.258944398555346      -0.160978700093834     
  0.484375000000000      -0.247372066188588      -0.171476292783030     
  0.492187500000000      -0.238137956265569      -0.181364291200337     
  0.500000000000000      -0.225653411776363      -0.192805731704261     
  0.507812500000000      -0.204798258042420      -0.204355279482472     
  0.515625000000000      -0.173346689207708      -0.198219354502110     
  0.523437500000000      -0.156577301551374      -0.178945498086886     
  0.531250000000000      -0.152301935538655      -0.161993504715859     
  0.539062500000000      -0.152637095366401      -0.149638963229399     
  0.546875000000000      -0.157304143362368      -0.140510794558687     
  0.554687500000000      -0.160162575578173      -0.140467033571028     
  0.562500000000000      -0.158664708251224      -0.140633718475024     
  0.570312500000000      -0.154403169759760      -0.139830331810935     
  0.578125000000000      -0.148083000740690      -0.136348001616104     
  0.585937500000000      -0.143339148013200      -0.126349297084618     
  0.593750000000000      -0.145452831671436      -0.119192158377591     
  0.601562500000000      -0.147288121627271      -0.114323200818592     
  0.609375000000000      -0.148907713153394      -0.110277063956011     
  0.617187500000000      -0.150448103820055      -0.106534611498075     
  0.625000000000000      -0.152402241588566      -0.102631024559430     
  0.632812500000000      -0.154985625713875      -9.973571975140569E-002
  0.640625000000000      -0.157310176704535      -9.730265880564273E-002
  0.648437500000000      -0.159519686110704      -9.499097202069380E-002
  0.656250000000000      -0.161741306724302      -9.258190854969371E-002
  0.664062500000000      -0.164211540653983      -8.952842253760891E-002
  0.671875000000000      -0.168888842568461      -8.724863116697371E-002
  0.679687500000000      -0.173183324285318      -8.627079353829535E-002
  0.687500000000000      -0.177398651146157      -8.580128269992177E-002
  0.695312500000000      -0.181733408815830      -8.576172777250300E-002
  0.703125000000000      -0.186488342782516      -8.627213767239118E-002
  0.710937500000000      -0.191545924693202      -8.922467960082436E-002
  0.718750000000000      -0.193831039266914      -9.220593953816532E-002
  0.726562500000000      -0.195766417907411      -9.437393905479162E-002
  0.734375000000000      -0.197783402830311      -9.625215465539014E-002
  0.742187500000000      -0.199809274087873      -9.834269907647837E-002
  0.750000000000000      -0.200773677838099      -0.100594117692732     
  0.757812500000000      -0.202786428155049      -9.965998921349196E-002
  0.765625000000000      -0.206970827664737      -0.101275118227805     
  0.773437500000000      -0.210748210592659      -0.104027612122309     
  0.781250000000000      -0.214209607821388      -0.107440078466481     
  0.789062500000000      -0.217502019081382      -0.111401829090725     
  0.796875000000000      -0.221012172821272      -0.116073577334240     
  0.804687500000000      -0.223772563701082      -0.124085012663543     
  0.812500000000000      -0.222974181162136      -0.131250589456605     
  0.820312500000000      -0.221193187980564      -0.137660284129758     
  0.828125000000000      -0.218341338778754      -0.143625579949135     
  0.835937500000000      -0.214091541715330      -0.149065146379205     
  0.843750000000000      -0.207744303590580      -0.153492816109307     
  0.851562500000000      -0.197249277776827      -0.153024853120359     
  0.859375000000000      -0.194514258931375      -0.147192371204346     
  0.867187500000000      -0.193957778590753      -0.143513680590171     
  0.875000000000000      -0.194302478967049      -0.140446757573776     
  0.882812500000000      -0.195391855872138      -0.137423090988391     
  0.890625000000000      -0.197484140179619      -0.133981095497444     
  0.898437500000000      -0.201681570793040      -0.129592489568758     
  0.906250000000000      -0.212068590407692      -0.128383015092546     
  0.914062500000000      -0.218522156364597      -0.132327761507532     
  0.921875000000000      -0.223675717665675      -0.136195046000760     
  0.929687500000000      -0.228421049094083      -0.140356991154048     
  0.937500000000000      -0.232936043164268      -0.145073417634496     
  0.945312500000000      -0.237101184117642      -0.150580162942381     
  0.953125000000000      -0.240510601317052      -0.157035878259077     
  0.960937500000000      -0.241191060233614      -0.164431467770183     
  0.968750000000000      -0.241118496262419      -0.168142691717327     
  0.976562500000000      -0.242377878368224      -0.170822804019866     
  0.984375000000000      -0.244869588396791      -0.172776141425704     
  0.992187500000000      -0.249014415589700      -0.174064698075256     
   1.00000000000000      -0.255690824811808      -0.174767743634548     
   1.00781250000000      -0.266756958186308      -0.175228764437553     
   1.01562500000000      -0.288159874105006      -0.177852220854654     
   1.02343750000000      -0.308680848447423      -0.203163064581904     
   1.03125000000000      -0.318119676352791      -0.229735607212392     
   1.03906250000000      -0.322460766545344      -0.257874926316751     
   1.04687500000000      -0.322104523073905      -0.287790160378741     
   1.05468750000000      -0.316514999608336      -0.319611638953331     
   1.06250000000000      -0.304271284586406      -0.353294493591754     
   1.07031250000000      -0.282466737389777      -0.388241096179549     
   1.07812500000000      -0.241090636935918      -0.419276620730758     
   1.08593750000000      -0.198960865885306      -0.423135524380818     
   1.09375000000000      -0.165330950700060      -0.419903318384805     
   1.10156250000000      -0.137445435802314      -0.412469920022946     
   1.10937500000000      -0.114410715807375      -0.402468823256332     
   1.11718750000000      -9.561907219451535E-002 -0.390943673786272     
   1.12500000000000      -8.065153809511871E-002 -0.378581792126994     
   1.13281250000000      -6.935225967095592E-002 -0.365858149069075     
   1.14062500000000      -6.255657811629055E-002 -0.353212167303194     
   1.14843750000000      -5.834769809478482E-002 -0.345628855210842     
   1.15625000000000      -5.346431182761078E-002 -0.338932416563759     
   1.16406250000000      -4.898205250249163E-002 -0.332847737085784     
   1.17187500000000      -4.501732178377326E-002 -0.327286236492844     
   1.17968750000000      -4.164414688790997E-002 -0.322208839808773     
   1.18750000000000      -3.897375345802775E-002 -0.317659327753597     
   1.19531250000000      -3.716268260798099E-002 -0.313878297631583     
   1.20312500000000      -3.608674374656586E-002 -0.311644297765567     
   1.21093750000000      -3.428572815204484E-002 -0.310208584262971     
   1.21875000000000      -3.328564164821503E-002 -0.310367159077731     
   1.22656250000000      -3.123977188850041E-002 -0.312108053699623     
   1.23437500000000      -2.798306336576069E-002 -0.314817064539399     
   1.24218750000000      -2.340410462040041E-002 -0.318253065012015     
   1.25000000000000      -1.725897396516067E-002 -0.322256378153176     
   1.25781250000000      -9.119337816634602E-003 -0.326598718602234     
   1.26562500000000       1.700714413351532E-003 -0.330793947801571     
   1.27343750000000       1.633800676509691E-002 -0.333624275037461     
   1.28125000000000       3.483472004237594E-002 -0.328523668704503     
   1.28906250000000       4.586726090181370E-002 -0.320151436248567     
   1.29687500000000       5.526754504059767E-002 -0.312792720662410     
   1.30468750000000       6.406152185831790E-002 -0.305581745939991     
   1.31250000000000       7.251986625238299E-002 -0.298110491108660     
   1.32031250000000       8.068730938056358E-002 -0.290093768786221     
   1.32812500000000       8.848508887985122E-002 -0.281293891647153     
   1.33593750000000       9.572884554342095E-002 -0.271479383905445     
   1.34375000000000       0.102085145249686      -0.260349967090154     
   1.35156250000000       0.106695584383289      -0.246993278601900     
   1.35937500000000       0.105311728803795      -0.235516122835179     
   1.36718750000000       0.104961014409945      -0.227219452848789     
   1.37500000000000       0.105132113194587      -0.219735500524152     
   1.38281250000000       0.105598826635214      -0.212616748985334     
   1.39062500000000       0.106233855521604      -0.205628943406547     
   1.39843750000000       0.106939045306791      -0.198609194903634     
   1.40625000000000       0.107620823226486      -0.191416910443667     
   1.41406250000000       0.108171916459501      -0.183896849458021     
   1.42187500000000       0.108436506800903      -0.175801929977786     
   1.42968750000000       0.107968071560451      -0.166167699456350     
   1.43750000000000       0.103239752706296      -0.158080478469773     
   1.44531250000000       9.941150228767584E-002 -0.152227488892551     
   1.45312500000000       9.598883075358543E-002 -0.147089521044821     
   1.46093750000000       9.278653963448531E-002 -0.142378592184924     
   1.46875000000000       8.968836447755679E-002 -0.137969864383140     
   1.47656250000000       8.660271756830219E-002 -0.133805308989100     
   1.48437500000000       8.344553555510706E-002 -0.129868309217779     
   1.49218750000000       8.012720317081620E-002 -0.126181258324112     
   1.50000000000000       7.653014680753184E-002 -0.122827138088285     
   1.50781250000000       7.242124620349007E-002 -0.120071038089729     
   1.51562500000000       6.866005246250967E-002 -0.119583987754835     
   1.52343750000000       6.693778663756793E-002 -0.118551427588867     
   1.53125000000000       6.548680332158130E-002 -0.116902128656247     
   1.53906250000000       6.408868880049903E-002 -0.114864856022820     
   1.54687500000000       6.262717546279328E-002 -0.112527449003698     
   1.55468750000000       6.101295879627624E-002 -0.109935313378275     
   1.56250000000000       5.916407257238381E-002 -0.107107944227529     
   1.57031250000000       5.699375078782987E-002 -0.104028563182058     
   1.57812500000000       5.438695234876315E-002 -0.100592212783883     
   1.58593750000000       5.109711824292532E-002 -9.641450435313925E-002
   1.59375000000000       4.592568007074916E-002 -8.993538996802208E-002
   1.60156250000000       2.853537630791978E-002 -8.578442666820039E-002
   1.60937500000000       1.204200118530683E-002 -9.836146507168753E-002
   1.61718750000000       1.051394922430446E-002 -0.120907989217445     
   1.62500000000000       2.534469644420390E-002 -0.134826759343568     
   1.63281250000000       4.113620212999704E-002 -0.134957409404564     
   1.64062500000000       5.144310598727941E-002 -0.128753854331000     
   1.64843750000000       5.719990722037992E-002 -0.120954239320366     
   1.65625000000000       6.005990738051596E-002 -0.113046723352381     
   1.66406250000000       6.100809894895601E-002 -0.105278649710488     
   1.67187500000000       6.043938964139141E-002 -9.750639995997978E-002
   1.67968750000000       5.818029136369413E-002 -8.939954691672680E-002
   1.68750000000000       5.144015750378476E-002 -8.079370665737490E-002
   1.69531250000000       4.410259352842515E-002 -7.930324225282653E-002
   1.70312500000000       3.910678250830236E-002 -7.835448416392145E-002
   1.71093750000000       3.497461659367810E-002 -7.757760170371977E-002
   1.71875000000000       3.130659424452935E-002 -7.685647978157167E-002
   1.72656250000000       2.789362362966801E-002 -7.613076424178439E-002
   1.73437500000000       2.459319745993758E-002 -7.536096373418123E-002
   1.74218750000000       2.128663972292747E-002 -7.451583388856020E-002
   1.75000000000000       1.785535652017946E-002 -7.356592482263306E-002
   1.75781250000000       1.415838976010481E-002 -7.247874460268817E-002
   1.76562500000000       9.995958773222275E-003 -7.121301244749005E-002
   1.77343750000000       5.013624588810915E-003 -6.970751181128192E-002
   1.78125000000000      -2.027179805444342E-003 -6.782117895671426E-002
   1.78906250000000      -1.074811426499522E-002 -6.950029778090958E-002
   1.79687500000000      -1.891120906621682E-002 -7.258697897187633E-002
   1.80468750000000      -2.706429577279682E-002 -7.715913905105382E-002
   1.81250000000000      -3.512855822391163E-002 -8.349989226590614E-002
   1.82031250000000      -4.280090573061770E-002 -9.195913911984548E-002
   1.82812500000000      -4.952210335363660E-002 -0.102884256518515     
   1.83593750000000      -5.441495919530340E-002 -0.116491996564847     
   1.84375000000000      -5.627699661043614E-002 -0.132646663674948     
   1.85156250000000      -5.374399939386673E-002 -0.150575920331738     
   1.85937500000000      -4.571006793282216E-002 -0.168700884106520     
   1.86718750000000      -3.184665975491462E-002 -0.184857409667338     
   1.87500000000000      -1.267135587309778E-002 -0.196957780148048     
   1.88281250000000       1.294250254137093E-002 -0.201356363196133     
   1.89062500000000       3.321438864537772E-002 -0.193411813214189     
   1.89843750000000       4.660598492450316E-002 -0.183084083851208     
   1.90625000000000       5.537473049088369E-002 -0.172678589818194     
   1.91406250000000       6.101360143276665E-002 -0.163042100635968     
   1.92187500000000       6.454533592742774E-002 -0.154424884942837     
   1.92968750000000       6.665136243839409E-002 -0.146827647559438     
   1.93750000000000       6.777693462185694E-002 -0.140159862840083     
   1.94531250000000       6.820877639202852E-002 -0.134311622106710     
   1.95312500000000       6.812832119353360E-002 -0.129186124130830     
   1.96093750000000       6.764669248262932E-002 -0.124716229370281     
   1.96875000000000       6.682612573988685E-002 -0.120879766520553     
   1.97656250000000       6.568641985822649E-002 -0.117738421923601     
   1.98437500000000       6.412521550385329E-002 -0.115843191866393     
   1.99218750000000       6.445368361399359E-002 -0.114776053548241     
   2.00000000000000       6.501956096766311E-002 -0.113052304965439     
   2.00781250000000       6.562232629432289E-002 -0.111117788804220     
   2.01562500000000       6.620653300883352E-002 -0.109061263031895     
   2.02343750000000       6.674173826777023E-002 -0.106920568592249     
   2.03125000000000       6.720612719275347E-002 -0.104716260375439     
   2.03906250000000       6.758106194949259E-002 -0.102462136289693     
   2.04687500000000       6.784877868680707E-002 -0.100169892364054     
   2.05468750000000       6.799123782059503E-002 -9.785167635793390E-002
   2.06250000000000       6.798924984941430E-002 -9.552175390035772E-002
   2.07031250000000       6.782103286200437E-002 -9.319787591552806E-002
   2.07812500000000       6.745828709900098E-002 -9.090301322743435E-002
   2.08593750000000       6.685154656706187E-002 -8.866954150531514E-002
   2.09375000000000       6.576305814361437E-002 -8.659939543085195E-002
   2.10156250000000       6.484249205271296E-002 -8.540661293531399E-002
   2.10937500000000       6.424824485688614E-002 -8.420405760955711E-002
   2.11718750000000       6.376734770305521E-002 -8.300564035344007E-002
   2.12500000000000       6.334527193265596E-002 -8.181633021299042E-002
   2.13281250000000       6.295508498195483E-002 -8.064064002000709E-002
   2.14062500000000       6.258060389729050E-002 -7.948345808301953E-002
   2.14843750000000       6.221105460967209E-002 -7.835049852913105E-002
   2.15625000000000       6.183884443936084E-002 -7.724879185099699E-002
   2.16406250000000       6.145852000752805E-002 -7.618738686809591E-002
   2.17187500000000       6.106631356181931E-002 -7.517850270648122E-002
   2.17968750000000       6.066011580488065E-002 -7.423964951288285E-002
   2.18750000000000       6.024001495782794E-002 -7.339811009381082E-002
   2.19531250000000       5.981025558668256E-002 -7.270258518905934E-002
   2.20312500000000       5.938780442106794E-002 -7.226839423103984E-002
   2.21093750000000       5.951151015559106E-002 -7.247115131579984E-002
   2.21875000000000       6.034798032149999E-002 -7.197014983646172E-002
   2.22656250000000       6.114509431512236E-002 -7.111295184401253E-002
   2.23437500000000       6.191728664735601E-002 -7.003128473064214E-002
   2.24218750000000       6.266147947503230E-002 -6.876497493669902E-002
   2.25000000000000       6.337000527839183E-002 -6.733090365476148E-002
   2.25781250000000       6.403274720386085E-002 -6.573644862368679E-002
   2.26562500000000       6.463765124534017E-002 -6.398394098250577E-002
   2.27343750000000       6.517073515894720E-002 -6.207239306271661E-002
   2.28125000000000       6.561580506912976E-002 -5.999799391129276E-002
   2.28906250000000       6.595382850791955E-002 -5.775369496534129E-002
   2.29687500000000       6.616167558017801E-002 -5.532761059399202E-002
   2.30468750000000       6.620940270155529E-002 -5.269907114293151E-002
   2.31250000000000       6.605342999889453E-002 -4.982844442335385E-002
   2.32031250000000       6.561382536751890E-002 -4.662345018004366E-002
   2.32812500000000       6.459292759442854E-002 -4.267497392050716E-002
   2.33593750000000       6.151478060855778E-002 -3.971666551833004E-002
   2.34375000000000       5.891265556562290E-002 -3.779935831219484E-002
   2.35156250000000       5.646939005111925E-002 -3.624649802185024E-002
   2.35937500000000       5.411183050517491E-002 -3.495285757049606E-002
   2.36718750000000       5.181032489841598E-002 -3.387449004626742E-002
   2.37500000000000       4.955178566670646E-002 -3.298961069480531E-002
   2.38281250000000       4.733199173110385E-002 -3.228685775404369E-002
   2.39062500000000       4.515262260159075E-002 -3.176030093804863E-002
   2.39843750000000       4.301992264949509E-002 -3.140677013318281E-002
   2.40625000000000       4.094402394064705E-002 -3.122412780455362E-002
   2.41406250000000       3.893854761554510E-002 -3.120996513750769E-002
   2.42187500000000       3.702032335563902E-002 -3.136051592810466E-002
   2.42968750000000       3.520920185753338E-002 -3.166974452969479E-002
   2.43750000000000       3.352815297258690E-002 -3.212874991461204E-002
   2.44531250000000       3.200465512978586E-002 -3.272630523136947E-002
   2.45312500000000       3.068166733546747E-002 -3.345899652445857E-002
   2.46093750000000       2.971982092911329E-002 -3.416044901860810E-002
   2.46875000000000       2.880970738084472E-002 -3.470572341964966E-002
   2.47656250000000       2.794336775118927E-002 -3.522214860755547E-002
   2.48437500000000       2.712655734347893E-002 -3.572893241800897E-002
   2.49218750000000       2.636035236480805E-002 -3.623428427284068E-002
   2.50000000000000       2.564479295649351E-002 -3.674275248329175E-002
   2.53125000000000       2.329253203025481E-002 -3.885787061420127E-002
   2.56250000000000       2.184826992376718E-002 -4.120215704288797E-002
   2.59375000000000       2.247509154727201E-002 -4.363889597924141E-002
   2.62500000000000       2.321788553952588E-002 -4.349481096474601E-002
   2.65625000000000       2.322116086170533E-002 -4.320753184139997E-002
   2.68750000000000       2.298240108604796E-002 -4.304477571742640E-002
   2.71875000000000       2.277550018134392E-002 -4.334204481449993E-002
   2.75000000000000       2.425326641197968E-002 -4.348168999775143E-002
   2.78125000000000       2.540966466276388E-002 -4.199322573391141E-002
   2.81250000000000       2.595738400688509E-002 -3.980780631866931E-002
   2.84375000000000       2.568046331752484E-002 -3.701569286508272E-002
   2.87500000000000       2.328105600787648E-002 -3.353720962192336E-002
   2.90625000000000       2.006550274048526E-002 -3.373749909076079E-002
   2.93750000000000       1.834575422356582E-002 -3.428121562450068E-002
   2.96875000000000       1.726151301434346E-002 -3.487573993311981E-002
   3.00000000000000       1.664462129733742E-002 -3.547335656307123E-002
   3.03125000000000       1.676458448836070E-002 -3.599420144610910E-002
   3.06250000000000       1.685740762602151E-002 -3.553761783337440E-002
   3.09375000000000       1.665211380442216E-002 -3.500235999859813E-002
   3.12500000000000       1.630019040810452E-002 -3.439553809686315E-002
   3.15625000000000       1.578134455440844E-002 -3.368320913659848E-002
   3.18750000000000       1.484251059612233E-002 -3.268624462506554E-002
   3.21875000000000       1.308177529403240E-002 -3.278928040454945E-002
   3.25000000000000       1.193862414715940E-002 -3.338853170326175E-002
   3.28125000000000       1.110338793220927E-002 -3.422844664239229E-002
   3.31250000000000       1.055943535212990E-002 -3.532964828879152E-002
   3.34375000000000       1.042972809698402E-002 -3.685480915804563E-002
   3.37500000000000       1.201999208894918E-002 -3.841771605698446E-002
   3.40625000000000       1.360561762123285E-002 -3.837533660448757E-002
   3.43750000000000       1.486482969183153E-002 -3.788540057483903E-002
   3.46875000000000       1.588503244606949E-002 -3.708155141554766E-002
   3.50000000000000       1.665416704577541E-002 -3.599913062285108E-002
   3.53125000000000       1.704629972259560E-002 -3.458399443212695E-002
   3.56250000000000       1.661933489738144E-002 -3.353864718255451E-002
   3.59375000000000       1.639811191107580E-002 -3.285044079410882E-002
   3.62500000000000       1.621454744371222E-002 -3.221248253440812E-002
   3.65625000000000       1.601621397052849E-002 -3.159856690069072E-002
   3.68750000000000       1.576678267538163E-002 -3.100938415962807E-002
   3.71875000000000       1.539236987868537E-002 -3.048155905192903E-002
   3.75000000000000       1.511309000372217E-002 -3.030561362196921E-002
   3.78125000000000       1.505172133062058E-002 -3.003335227951674E-002
   3.81250000000000       1.504046217465706E-002 -2.968803452706631E-002
   3.84375000000000       1.504836988788437E-002 -2.928550556162538E-002
   3.87500000000000       1.506401210264417E-002 -2.883619388871443E-002
   3.90625000000000       1.509980659375571E-002 -2.835076641428773E-002
   3.93750000000000       1.520295182616487E-002 -2.769429526973769E-002
   3.96875000000000       1.512334484086143E-002 -2.691647121730590E-002
   4.00000000000000       1.492521936782688E-002 -2.610393225668313E-002
   4.03125000000000       1.460392077393557E-002 -2.525378635312549E-002
   4.06250000000000       1.412936727927474E-002 -2.436096156819707E-002
   4.09375000000000       1.342865090194690E-002 -2.341054813723030E-002
   4.12500000000000       1.212337801598355E-002 -2.231627790099110E-002
   4.15625000000000       1.051205497419524E-002 -2.257080608950555E-002
   4.18750000000000       9.499227159542609E-003 -2.299819272251119E-002
   4.21875000000000       8.741865079541035E-003 -2.350367413201234E-002
   4.25000000000000       8.174387872333860E-003 -2.407408755793507E-002
   4.28125000000000       7.782067801588370E-003 -2.471313085411219E-002
   4.31250000000000       7.592647395716541E-003 -2.544339026207307E-002
   4.34375000000000       7.897713251109887E-003 -2.633250842320168E-002
   4.37500000000000       8.468041705023091E-003 -2.645035925164776E-002
   4.40625000000000       8.799163323301272E-003 -2.642952563341193E-002
   4.43750000000000       9.037588465542411E-003 -2.635070247636352E-002
   4.46875000000000       9.217638477857190E-003 -2.623717273071682E-002
   4.50000000000000       9.354009032002966E-003 -2.610265719311838E-002
   4.53125000000000       9.454552688881479E-003 -2.595944348192777E-002
   4.56250000000000       9.525464124645770E-003 -2.582852557758254E-002
   4.59375000000000       9.641437534214474E-003 -2.571256603999510E-002
   4.62500000000000       9.755731895808141E-003 -2.553732799395072E-002
   4.65625000000000       9.848555249200195E-003 -2.533034572264757E-002
   4.68750000000000       9.916345293275650E-003 -2.509945298555928E-002
   4.71875000000000       9.955633773892211E-003 -2.484955001104314E-002
   4.75000000000000       9.961695140033873E-003 -2.458451995249201E-002
   4.78125000000000       9.925618068705377E-003 -2.430772677636021E-002
   4.81250000000000       9.802626119952902E-003 -2.404063405099139E-002
   4.84375000000000       9.690034399025162E-003 -2.387284635025244E-002
   4.87500000000000       9.601285662498007E-003 -2.370445433211166E-002
   4.90625000000000       9.513351816486817E-003 -2.353184642043826E-002
   4.93750000000000       9.416460104783225E-003 -2.335432221910613E-002
   4.96875000000000       9.302120943636541E-003 -2.317149782410274E-002
   5.00000000000000       9.158954987140621E-003 -2.298251760870597E-002
   5.03125000000000       8.963901439547834E-003 -2.278432660053159E-002
   5.06250000000000       8.585563445054203E-003 -2.261412252168719E-002
   5.09375000000000       8.267941275452918E-003 -2.274207128077296E-002
   5.12500000000000       8.070439910888766E-003 -2.289809332242166E-002
   5.15625000000000       7.939741912414942E-003 -2.307294601774630E-002
   5.18750000000000       7.863118970569448E-003 -2.326678162654743E-002
   5.21875000000000       7.838810105843252E-003 -2.348296643751795E-002
   5.25000000000000       7.873341785795754E-003 -2.372849899199592E-002
   5.28125000000000       7.987205362529190E-003 -2.401805692331534E-002
   5.31250000000000       8.256286969000612E-003 -2.439829328687965E-002
   5.34375000000000       8.941662174637341E-003 -2.449381524491300E-002
   5.37500000000000       9.420026593638244E-003 -2.429679133525304E-002
   5.40625000000000       9.794949170459670E-003 -2.402545589328918E-002
   5.43750000000000       1.009432252226614E-002 -2.370300015207007E-002
   5.46875000000000       1.032658717510587E-002 -2.334056548495946E-002
   5.50000000000000       1.049257778650802E-002 -2.294502546336801E-002
   5.53125000000000       1.058716416728171E-002 -2.252085945391920E-002
   5.56250000000000       1.059510636962364E-002 -2.206980973905508E-002
   5.59375000000000       1.044933521974600E-002 -2.157974555119532E-002
   5.62500000000000       1.015022160372571E-002 -2.137953753233460E-002
   5.65625000000000       9.989655874699419E-003 -2.124061877112561E-002
   5.68750000000000       9.868017001908133E-003 -2.111337737653752E-002
   5.71875000000000       9.765662034542108E-003 -2.099275024567961E-002
   5.75000000000000       9.673479325407304E-003 -2.087693081770820E-002
   5.78125000000000       9.585909130001628E-003 -2.076537032019099E-002
   5.81250000000000       9.498703324277805E-003 -2.065833942894159E-002
   5.84375000000000       9.407505151986344E-003 -2.055713033428461E-002
   5.87500000000000       9.304403996256962E-003 -2.046605271566234E-002
   5.90625000000000       9.201578993305183E-003 -2.042449166655335E-002
   5.93750000000000       9.138637364973298E-003 -2.038289690943574E-002
   5.96875000000000       9.085916556473441E-003 -2.033466464404857E-002
   6.00000000000000       9.037800591713543E-003 -2.028175860240557E-002
   6.03125000000000       8.990872455793313E-003 -2.022463016999827E-002
   6.06250000000000       8.941971913998481E-003 -2.016309917662123E-002
   6.09375000000000       8.887272857287533E-003 -2.009643893762982E-002
   6.12500000000000       8.820969889634381E-003 -2.002307990647042E-002
   6.15625000000000       8.731538020149482E-003 -1.993938678347438E-002
   6.18750000000000       8.573888005532443E-003 -1.982988002433177E-002
   6.21875000000000       8.326529200500645E-003 -1.990809575116715E-002
   6.25000000000000       8.193242453448870E-003 -2.003899007620759E-002
   6.28125000000000       8.109205560379714E-003 -2.018488299426069E-002
   6.31250000000000       8.062356541928330E-003 -2.034219181218370E-002
   6.34375000000000       8.048365824231274E-003 -2.050997467135655E-002
   6.37500000000000       8.066379362758400E-003 -2.068850334664429E-002
   6.40625000000000       8.118274790066961E-003 -2.087906811145676E-002
   6.43750000000000       8.209508285117623E-003 -2.108437815614058E-002
   6.46875000000000       8.352966027150525E-003 -2.131016141353353E-002
   6.50000000000000       8.590695382054245E-003 -2.157391286907054E-002
   6.53125000000000       9.052668251203657E-003 -2.167030600196562E-002
   6.56250000000000       9.384114474424249E-003 -2.160594129375884E-002
   6.59375000000000       9.658649496014630E-003 -2.151486729303140E-002
   6.62500000000000       9.898784469713522E-003 -2.140699932400373E-002
   6.65625000000000       1.011352984103937E-002 -2.128666606023730E-002
   6.68750000000000       1.030746185782364E-002 -2.115633130829796E-002
   6.71875000000000       1.048301381796452E-002 -2.101756346581844E-002
   6.75000000000000       1.064122025733803E-002 -2.087137251098487E-002
   6.78125000000000       1.078174832639965E-002 -2.071826661545037E-002
   6.81250000000000       1.090184134394052E-002 -2.055790862777487E-002
   6.84375000000000       1.098535807158679E-002 -2.038500307059190E-002
   6.87500000000000       1.103231435196067E-002 -2.027921131934735E-002
   6.90625000000000       1.110874973186388E-002 -2.018646338878630E-002
   6.93750000000000       1.119406063411452E-002 -2.009680135472405E-002
   6.96875000000000       1.128457621439597E-002 -2.000882346729278E-002
   7.00000000000000       1.137897488262223E-002 -1.992201760466632E-002
   7.03125000000000       1.147688432762862E-002 -1.983621171978131E-002
   7.06250000000000       1.157853990702587E-002 -1.975142733560547E-002
   7.09375000000000       1.168478963476734E-002 -1.966784983816600E-002
   7.12500000000000       1.179742259418166E-002 -1.958587882156358E-002
   7.15625000000000       1.192033642553144E-002 -1.950634550101000E-002
   7.18750000000000       1.206591526047699E-002 -1.943169780381775E-002
   7.21875000000000       1.225883418274496E-002 -1.929893677745392E-002
   7.25000000000000       1.240166718138413E-002 -1.912858784198093E-002
   7.28125000000000       1.252185222677062E-002 -1.895383613380948E-002
   7.31250000000000       1.262587272268875E-002 -1.877605982939499E-002
   7.34375000000000       1.271599183336694E-002 -1.859585320024363E-002
   7.37500000000000       1.279294016095319E-002 -1.841353845799366E-002
   7.40625000000000       1.285652148792087E-002 -1.822929562588213E-002
   7.43750000000000       1.290568667025218E-002 -1.804320145399211E-002
   7.46875000000000       1.293825881141265E-002 -1.785522392538203E-002
   7.50000000000000       1.295004937759029E-002 -1.766515996136476E-002
   7.53125000000000       1.293192465922922E-002 -1.747239678676767E-002
   7.56250000000000       1.285004118152663E-002 -1.727419293480141E-002
   7.59375000000000       1.270784099529679E-002 -1.723425135476458E-002
   7.62500000000000       1.266398704174174E-002 -1.722686464428289E-002
   7.65625000000000       1.265469768940714E-002 -1.722228957892863E-002
   7.68750000000000       1.266809648211133E-002 -1.721968816562546E-002
   7.71875000000000       1.269915588026880E-002 -1.721880142032320E-002
   7.75000000000000       1.274534370494194E-002 -1.721958104221869E-002
   7.78125000000000       1.280541739670984E-002 -1.722209475808536E-002
   7.81250000000000       1.287900685258208E-002 -1.722650053273173E-002
   7.84375000000000       1.296653429521356E-002 -1.723305353186197E-002
   7.87500000000000       1.306943145651101E-002 -1.724214879451272E-002
   7.90625000000000       1.319099336666086E-002 -1.725444827678052E-002
   7.93750000000000       1.334019772154419E-002 -1.727139188620107E-002
   7.96875000000000       1.355350049387119E-002 -1.725495552068675E-002
   8.00000000000000       1.373422130836667E-002 -1.718061853181013E-002
   8.03125000000000       1.389930251146846E-002 -1.710350493813650E-002
   8.06250000000000       1.405882713167739E-002 -1.702520710907632E-002
   8.09375000000000       1.421685009048705E-002 -1.694650959564851E-002
   8.12500000000000       1.437594018076972E-002 -1.686798856802662E-002
   8.15625000000000       1.453821901645347E-002 -1.679016509184325E-002
   8.18750000000000       1.470582002158873E-002 -1.671358325703617E-002
   8.21875000000000       1.488124485361005E-002 -1.663888033822221E-002
   8.25000000000000       1.506783067967390E-002 -1.656688637571474E-002
   8.28125000000000       1.527063862083953E-002 -1.649881740344034E-002
   8.31250000000000       1.549873658912015E-002 -1.643677004019280E-002
   8.34375000000000       1.577438483429998E-002 -1.638568812033833E-002
   8.37500000000000       1.620372105290322E-002 -1.626463524883040E-002
   8.40625000000000       1.654080513598678E-002 -1.596548578738599E-002
   8.43750000000000       1.680821991599577E-002 -1.565023750259548E-002
   8.46875000000000       1.703390495959912E-002 -1.532533398556555E-002
   8.50000000000000       1.722746065834759E-002 -1.499321269906483E-002
   8.53125000000000       1.739351217216962E-002 -1.465520872577501E-002
   8.56250000000000       1.753444766786997E-002 -1.431217033068976E-002
   8.59375000000000       1.765131453374932E-002 -1.396467382748531E-002
   8.62500000000000       1.774411569719427E-002 -1.361311189612199E-002
   8.65625000000000       1.781178349538417E-002 -1.325772339029546E-002
   8.68750000000000       1.785181224585400E-002 -1.289857697187256E-002
   8.71875000000000       1.785920356458970E-002 -1.253547896224171E-002
   8.75000000000000       1.782319246774609E-002 -1.216764697524090E-002
   8.78125000000000       1.770982975228458E-002 -1.179185693675772E-002
   8.81250000000000       1.746286522666849E-002 -1.158698322844747E-002
   8.84375000000000       1.735252561785345E-002 -1.147811663879838E-002
   8.87500000000000       1.729388597443846E-002 -1.137498851069488E-002
   8.90625000000000       1.726707282593701E-002 -1.127538531318481E-002
   8.93750000000000       1.726437566789231E-002 -1.117846397096552E-002
   8.96875000000000       1.728216315767085E-002 -1.108383783260801E-002
   9.00000000000000       1.731883970907166E-002 -1.099134648798868E-002
   9.03125000000000       1.737414872857261E-002 -1.090097730593022E-002
   9.06250000000000       1.744897886701927E-002 -1.081284319713768E-002
   9.09375000000000       1.754548326909533E-002 -1.072719484374739E-002
   9.12500000000000       1.766756680569358E-002 -1.064447280890304E-002
   9.15625000000000       1.782210463313091E-002 -1.056543821862316E-002
   9.18750000000000       1.802226474108874E-002 -1.049152861127020E-002
   9.21875000000000       1.830045862688310E-002 -1.042624139074564E-002
   9.25000000000000       1.881859467980878E-002 -1.025693991179408E-002
   9.28125000000000       1.918561279085856E-002 -9.781944762719444E-003
   9.31250000000000       1.943043759748437E-002 -9.291915344740050E-003
   9.34375000000000       1.960596976211532E-002 -8.793430504519804E-003
   9.37500000000000       1.972934082537992E-002 -8.288979084306862E-003
   9.40625000000000       1.980878619054934E-002 -7.779995868824912E-003
   9.43750000000000       1.984876286091367E-002 -7.267467666935751E-003
   9.46875000000000       1.985164967758591E-002 -6.752147463961433E-003
   9.50000000000000       1.981842498561202E-002 -6.234651436425809E-003
   9.53125000000000       1.974890815104137E-002 -5.715509962137807E-003
   9.56250000000000       1.964172270966319E-002 -5.195197058023057E-003
   9.59375000000000       1.949395093785951E-002 -4.674147633853050E-003
   9.62500000000000       1.930021252711613E-002 -4.152764437772263E-003
   9.65625000000000       1.905016101390142E-002 -3.631405107919094E-003
   9.68750000000000       1.871920252884730E-002 -3.110276922432341E-003
   9.71875000000000       1.817693640308547E-002 -2.661517032729870E-003
   9.75000000000000       1.773944916841637E-002 -2.499475540001952E-003
   9.78125000000000       1.740145567963325E-002 -2.340201934783061E-003
   9.81250000000000       1.710653975741188E-002 -2.182401320571211E-003
   9.84375000000000       1.683737108091388E-002 -2.025652758622390E-003
   9.87500000000000       1.658519047523717E-002 -1.869741026519499E-003
   9.90625000000000       1.634461297569182E-002 -1.714537234140084E-003
   9.93750000000000       1.611189898466010E-002 -1.559958004303049E-003
   9.96875000000000       1.588419227246396E-002 -1.405947461752228E-003
   10.0000000000000       1.565911065070543E-002 -1.252468090763764E-003
   11.0000000000000       1.423555513700494E-002  0.000000000000000E+000
   12.0000000000000       1.304925887558786E-002  0.000000000000000E+000
   13.0000000000000       1.204546973131187E-002  0.000000000000000E+000
   14.0000000000000       1.118507903621817E-002  0.000000000000000E+000
   15.0000000000000       1.043940710047029E-002  0.000000000000000E+000
   16.0000000000000       9.786944156690895E-003  0.000000000000000E+000
   17.0000000000000       9.211241559238489E-003  0.000000000000000E+000
   18.0000000000000       8.699505917058573E-003  0.000000000000000E+000
   19.0000000000000       8.241637184581806E-003  0.000000000000000E+000
   20.0000000000000       7.829555325352715E-003  0.000000000000000E+000
   21.0000000000000       7.456719357478777E-003  0.000000000000000E+000
   22.0000000000000       7.117777568502470E-003  0.000000000000000E+000
   23.0000000000000       6.808308978567579E-003  0.000000000000000E+000
   24.0000000000000       6.524629437793930E-003  0.000000000000000E+000
   25.0000000000000       6.263644260282173E-003  0.000000000000000E+000
   26.0000000000000       6.022734865655936E-003  0.000000000000000E+000
   27.0000000000000       5.799670611372382E-003  0.000000000000000E+000
   28.0000000000000       5.592539518109083E-003  0.000000000000000E+000
   29.0000000000000       5.399693327829459E-003  0.000000000000000E+000
   30.0000000000000       5.219703550235144E-003  0.000000000000000E+000
   31.0000000000000       5.051326016356591E-003  0.000000000000000E+000
   32.0000000000000       4.893472078345448E-003  0.000000000000000E+000
   33.0000000000000       4.745185045668313E-003  0.000000000000000E+000
   34.0000000000000       4.605620779619245E-003  0.000000000000000E+000
   35.0000000000000       4.474031614487266E-003  0.000000000000000E+000
   36.0000000000000       4.349752958529286E-003  0.000000000000000E+000
   37.0000000000000       4.232192067758225E-003  0.000000000000000E+000
   38.0000000000000       4.120818592290903E-003  0.000000000000000E+000
   39.0000000000000       4.015156577103957E-003  0.000000000000000E+000
   40.0000000000000       3.914777662676358E-003  0.000000000000000E+000
   41.0000000000000       3.819295280659862E-003  0.000000000000000E+000
   42.0000000000000       3.728359678739389E-003  0.000000000000000E+000
   43.0000000000000       3.641653639698938E-003  0.000000000000000E+000
   44.0000000000000       3.558888784251235E-003  0.000000000000000E+000
   45.0000000000000       3.479802366823429E-003  0.000000000000000E+000
   46.0000000000000       3.404154489283790E-003  0.000000000000000E+000
   47.0000000000000       3.331725670362858E-003  0.000000000000000E+000
   48.0000000000000       3.262314718896965E-003  0.000000000000000E+000
   49.0000000000000       3.195736867490904E-003  0.000000000000000E+000
   50.0000000000000       3.131822130141087E-003  0.000000000000000E+000
   51.0000000000000       3.070413853079497E-003  0.000000000000000E+000
   52.0000000000000       3.011367432827968E-003  0.000000000000000E+000
   53.0000000000000       2.954549179378384E-003  0.000000000000000E+000
   54.0000000000000       2.899835305686191E-003  0.000000000000000E+000
   55.0000000000000       2.847111027400988E-003  0.000000000000000E+000
   56.0000000000000       2.796269759054542E-003  0.000000000000000E+000
   57.0000000000000       2.747212394860602E-003  0.000000000000000E+000
   58.0000000000000       2.699846663914730E-003  0.000000000000000E+000
   59.0000000000000       2.654086550967022E-003  0.000000000000000E+000
   60.0000000000000       2.609851775117572E-003  0.000000000000000E+000
   61.0000000000000       2.567067319787776E-003  0.000000000000000E+000
   62.0000000000000       2.525663008178295E-003  0.000000000000000E+000
   63.0000000000000       2.485573119159592E-003  0.000000000000000E+000
   64.0000000000000       2.446736039172724E-003  0.000000000000000E+000
   65.0000000000000       2.409093946262374E-003  0.000000000000000E+000
   66.0000000000000       2.372592522834156E-003  0.000000000000000E+000
   67.0000000000000       2.337180694135139E-003  0.000000000000000E+000
   68.0000000000000       2.302810389809622E-003  0.000000000000000E+000
   69.0000000000000       2.269436326189193E-003  0.000000000000000E+000
   70.0000000000000       2.237015807243633E-003  0.000000000000000E+000
   71.0000000000000       2.205508542352878E-003  0.000000000000000E+000
   72.0000000000000       2.174876479264643E-003  0.000000000000000E+000
   73.0000000000000       2.145083650781566E-003  0.000000000000000E+000
   74.0000000000000       2.116096033879113E-003  0.000000000000000E+000
   75.0000000000000       2.087881420094058E-003  0.000000000000000E+000
   76.0000000000000       2.060409296145452E-003  0.000000000000000E+000
   77.0000000000000       2.033650733857848E-003  0.000000000000000E+000
   78.0000000000000       2.007578288551979E-003  0.000000000000000E+000
   79.0000000000000       1.982165905152586E-003  0.000000000000000E+000
   80.0000000000000       1.957388831338179E-003  0.000000000000000E+000
   81.0000000000000       1.933223537124127E-003  0.000000000000000E+000
   82.0000000000000       1.909647640329931E-003  0.000000000000000E+000
   83.0000000000000       1.886639837434389E-003  0.000000000000000E+000
   84.0000000000000       1.864179839369694E-003  0.000000000000000E+000
   85.0000000000000       1.842248311847698E-003  0.000000000000000E+000
   86.0000000000000       1.820826819849469E-003  0.000000000000000E+000
   87.0000000000000       1.799897775943153E-003  0.000000000000000E+000
   88.0000000000000       1.779444392125617E-003  0.000000000000000E+000
   89.0000000000000       1.759450634910723E-003  0.000000000000000E+000
   90.0000000000000       1.739901183411715E-003  0.000000000000000E+000
   91.0000000000000       1.720781390187410E-003  0.000000000000000E+000
   92.0000000000000       1.702077244641895E-003  0.000000000000000E+000
   93.0000000000000       1.683775338785530E-003  0.000000000000000E+000
   94.0000000000000       1.665862835181429E-003  0.000000000000000E+000
   95.0000000000000       1.648327436916361E-003  0.000000000000000E+000
   96.0000000000000       1.631157359448483E-003  0.000000000000000E+000
   97.0000000000000       1.614341304196436E-003  0.000000000000000E+000
   98.0000000000000       1.597868433745452E-003  0.000000000000000E+000
   99.0000000000000       1.581728348556104E-003  0.000000000000000E+000
   100.000000000000       1.565911065070543E-003  0.000000000000000E+000
   101.000000000000       1.550406995119350E-003  0.000000000000000E+000
   102.000000000000       1.535206926539748E-003  0.000000000000000E+000
   103.000000000000       1.520302004922858E-003  0.000000000000000E+000
   104.000000000000       1.505683716413984E-003  0.000000000000000E+000
   105.000000000000       1.491343871495756E-003  0.000000000000000E+000
   106.000000000000       1.477274589689192E-003  0.000000000000000E+000
   107.000000000000       1.463468285112657E-003  0.000000000000000E+000
   108.000000000000       1.449917652843096E-003  0.000000000000000E+000
   109.000000000000       1.436615656028021E-003  0.000000000000000E+000
   110.000000000000       1.423555513700494E-003  0.000000000000000E+000
   111.000000000000       1.410730689252742E-003  0.000000000000000E+000
   112.000000000000       1.398134879527271E-003  0.000000000000000E+000
   113.000000000000       1.385762004487206E-003  0.000000000000000E+000
   114.000000000000       1.373606197430301E-003  0.000000000000000E+000
   115.000000000000       1.361661795713516E-003  0.000000000000000E+000
   116.000000000000       1.349923331957365E-003  0.000000000000000E+000
   117.000000000000       1.338385525701319E-003  0.000000000000000E+000
   118.000000000000       1.327043275483511E-003  0.000000000000000E+000
   119.000000000000       1.315891651319784E-003  0.000000000000000E+000
   120.000000000000       1.304925887558786E-003  0.000000000000000E+000
   121.000000000000       1.294141376091358E-003  0.000000000000000E+000
   122.000000000000       1.283533659893888E-003  0.000000000000000E+000
   123.000000000000       1.273098426886621E-003  0.000000000000000E+000
   124.000000000000       1.262831504089148E-003  0.000000000000000E+000
   125.000000000000       1.252728852056435E-003  0.000000000000000E+000
   126.000000000000       1.242786559579796E-003  0.000000000000000E+000
   127.000000000000       1.233000838638223E-003  0.000000000000000E+000
   128.000000000000       1.223368019586362E-003  0.000000000000000E+000
   129.000000000000       1.213884546566313E-003  0.000000000000000E+000
   130.000000000000       1.204546973131187E-003  0.000000000000000E+000
   131.000000000000       1.195351958069117E-003  0.000000000000000E+000
   132.000000000000       1.186296261417078E-003  0.000000000000000E+000
   133.000000000000       1.177376740654544E-003  0.000000000000000E+000
   134.000000000000       1.168590347067570E-003  0.000000000000000E+000
   135.000000000000       1.159934122274476E-003  0.000000000000000E+000
   136.000000000000       1.151405194904811E-003  0.000000000000000E+000
   137.000000000000       1.143000777423754E-003  0.000000000000000E+000
   138.000000000000       1.134718163094596E-003  0.000000000000000E+000
   139.000000000000       1.126554723072333E-003  0.000000000000000E+000
   140.000000000000       1.118507903621817E-003  0.000000000000000E+000
   141.000000000000       1.110575223454286E-003  0.000000000000000E+000
   142.000000000000       1.102754271176439E-003  0.000000000000000E+000
   143.000000000000       1.095042702846534E-003  0.000000000000000E+000
   144.000000000000       1.087438239632322E-003  0.000000000000000E+000
   145.000000000000       1.079938665565892E-003  0.000000000000000E+000
   146.000000000000       1.072541825390783E-003  0.000000000000000E+000
   147.000000000000       1.065245622496968E-003  0.000000000000000E+000
   148.000000000000       1.058048016939556E-003  0.000000000000000E+000
   149.000000000000       1.050947023537277E-003  0.000000000000000E+000
   150.000000000000       1.043940710047029E-003  0.000000000000000E+000
   151.000000000000       1.037027195410956E-003  0.000000000000000E+000
   152.000000000000       1.030204648072726E-003  0.000000000000000E+000
   153.000000000000       1.023471284359832E-003  0.000000000000000E+000
   154.000000000000       1.016825366928924E-003  0.000000000000000E+000
   155.000000000000       1.010265203271318E-003  0.000000000000000E+000
   156.000000000000       1.003789144275989E-003  0.000000000000000E+000
   157.000000000000       9.973955828474798E-004  0.000000000000000E+000
   158.000000000000       9.910829525762931E-004  0.000000000000000E+000
   159.000000000000       9.848497264594610E-004  0.000000000000000E+000
   160.000000000000       9.786944156690894E-004  0.000000000000000E+000
   161.000000000000       9.726155683667970E-004  0.000000000000000E+000
   162.000000000000       9.666117685620637E-004  0.000000000000000E+000
   163.000000000000       9.606816350126032E-004  0.000000000000000E+000
   164.000000000000       9.548238201649654E-004  0.000000000000000E+000
   165.000000000000       9.490370091336626E-004  0.000000000000000E+000
   166.000000000000       9.433199187171947E-004  0.000000000000000E+000
   167.000000000000       9.376712964494271E-004  0.000000000000000E+000
   168.000000000000       9.320899196848471E-004  0.000000000000000E+000
   169.000000000000       9.265745947162978E-004  0.000000000000000E+000
   170.000000000000       9.211241559238490E-004  0.000000000000000E+000
   171.000000000000       9.157374649535340E-004  0.000000000000000E+000
   172.000000000000       9.104134099247345E-004  0.000000000000000E+000
   173.000000000000       9.051509046650539E-004  0.000000000000000E+000
   174.000000000000       8.999488879715766E-004  0.000000000000000E+000
   175.000000000000       8.948063228974533E-004  0.000000000000000E+000
   176.000000000000       8.897221960628087E-004  0.000000000000000E+000
   177.000000000000       8.846955169890075E-004  0.000000000000000E+000
   178.000000000000       8.797253174553614E-004  0.000000000000000E+000
   179.000000000000       8.748106508773985E-004  0.000000000000000E+000
   180.000000000000       8.699505917058574E-004  0.000000000000000E+000
   181.000000000000       8.651442348456040E-004  0.000000000000000E+000
   182.000000000000       8.603906950937051E-004  0.000000000000000E+000
   183.000000000000       8.556891065959253E-004  0.000000000000000E+000
   184.000000000000       8.510386223209474E-004  0.000000000000000E+000
   185.000000000000       8.464384135516450E-004  0.000000000000000E+000
   186.000000000000       8.418876693927652E-004  0.000000000000000E+000
   187.000000000000       8.373855962944081E-004  0.000000000000000E+000
   188.000000000000       8.329314175907145E-004  0.000000000000000E+000
   189.000000000000       8.285243730531975E-004  0.000000000000000E+000
   190.000000000000       8.241637184581807E-004  0.000000000000000E+000
   191.000000000000       8.198487251678237E-004  0.000000000000000E+000
   192.000000000000       8.155786797242413E-004  0.000000000000000E+000
   193.000000000000       8.113528834562400E-004  0.000000000000000E+000
   194.000000000000       8.071706520982182E-004  0.000000000000000E+000
   195.000000000000       8.030313154207914E-004  0.000000000000000E+000
   196.000000000000       7.989342168727261E-004  0.000000000000000E+000
   197.000000000000       7.948787132337783E-004  0.000000000000000E+000
   198.000000000000       7.908641742780521E-004  0.000000000000000E+000
   199.000000000000       7.868899824475091E-004  0.000000000000000E+000
   200.000000000000       7.829555325352716E-004  0.000000000000000E+000
   201.000000000000       7.790602313783797E-004  0.000000000000000E+000
   202.000000000000       7.752034975596749E-004  0.000000000000000E+000
   203.000000000000       7.713847611184943E-004  0.000000000000000E+000
   204.000000000000       7.676034632698741E-004  0.000000000000000E+000
   205.000000000000       7.638590561319723E-004  0.000000000000000E+000
   206.000000000000       7.601510024614288E-004  0.000000000000000E+000
   207.000000000000       7.564787753963977E-004  0.000000000000000E+000
   208.000000000000       7.528418582069920E-004  0.000000000000000E+000
   209.000000000000       7.492397440528915E-004  0.000000000000000E+000
   210.000000000000       7.456719357478778E-004  0.000000000000000E+000
   211.000000000000       7.421379455310632E-004  0.000000000000000E+000
   212.000000000000       7.386372948445959E-004  0.000000000000000E+000
   213.000000000000       7.351695141176259E-004  0.000000000000000E+000
   214.000000000000       7.317341425563287E-004  0.000000000000000E+000
   215.000000000000       7.283307279397876E-004  0.000000000000000E+000
   216.000000000000       7.249588264215478E-004  0.000000000000000E+000
   217.000000000000       7.216180023366559E-004  0.000000000000000E+000
   218.000000000000       7.183078280140106E-004  0.000000000000000E+000
   219.000000000000       7.150278835938553E-004  0.000000000000000E+000
   220.000000000000       7.117777568502469E-004  0.000000000000000E+000
   221.000000000000       7.085570430183454E-004  0.000000000000000E+000
   222.000000000000       7.053653446263709E-004  0.000000000000000E+000
   223.000000000000       7.022022713320822E-004  0.000000000000000E+000
   224.000000000000       6.990674397636354E-004  0.000000000000000E+000
   225.000000000000       6.959604733646859E-004  0.000000000000000E+000
   226.000000000000       6.928810022436032E-004  0.000000000000000E+000
   227.000000000000       6.898286630266711E-004  0.000000000000000E+000
   228.000000000000       6.868030987151506E-004  0.000000000000000E+000
   229.000000000000       6.838039585460887E-004  0.000000000000000E+000
   230.000000000000       6.808308978567579E-004  0.000000000000000E+000
   231.000000000000       6.778835779526161E-004  0.000000000000000E+000
   232.000000000000       6.749616659786824E-004  0.000000000000000E+000
   233.000000000000       6.720648347942245E-004  0.000000000000000E+000
   234.000000000000       6.691927628506595E-004  0.000000000000000E+000
   235.000000000000       6.663451340725716E-004  0.000000000000000E+000
   236.000000000000       6.635216377417556E-004  0.000000000000000E+000
   237.000000000000       6.607219683841955E-004  0.000000000000000E+000
   238.000000000000       6.579458256598921E-004  0.000000000000000E+000
   239.000000000000       6.551929142554574E-004  0.000000000000000E+000
   240.000000000000       6.524629437793930E-004  0.000000000000000E+000
   241.000000000000       6.497556286599764E-004  0.000000000000000E+000
   242.000000000000       6.470706880456790E-004  0.000000000000000E+000
   243.000000000000       6.444078457080425E-004  0.000000000000000E+000
   244.000000000000       6.417668299469440E-004  0.000000000000000E+000
   245.000000000000       6.391473734981809E-004  0.000000000000000E+000
   246.000000000000       6.365492134433103E-004  0.000000000000000E+000
   247.000000000000       6.339720911216774E-004  0.000000000000000E+000
   248.000000000000       6.314157520445738E-004  0.000000000000000E+000
   249.000000000000       6.288799458114632E-004  0.000000000000000E+000
   250.000000000000       6.263644260282173E-004  0.000000000000000E+000
   251.000000000000       6.238689502273081E-004  0.000000000000000E+000
   252.000000000000       6.213932797898981E-004  0.000000000000000E+000
   253.000000000000       6.189371798697799E-004  0.000000000000000E+000
   254.000000000000       6.165004193191115E-004  0.000000000000000E+000
   255.000000000000       6.140827706158993E-004  0.000000000000000E+000
   256.000000000000       6.116840097931809E-004  0.000000000000000E+000
   257.000000000000       6.093039163698611E-004  0.000000000000000E+000
   258.000000000000       6.069422732831563E-004  0.000000000000000E+000
   259.000000000000       6.045988668226035E-004  0.000000000000000E+000
   260.000000000000       6.022734865655935E-004  0.000000000000000E+000
   261.000000000000       5.999659253143844E-004  0.000000000000000E+000
   262.000000000000       5.976759790345585E-004  0.000000000000000E+000
   263.000000000000       5.954034467948833E-004  0.000000000000000E+000
   264.000000000000       5.931481307085391E-004  0.000000000000000E+000
   265.000000000000       5.909098358756766E-004  0.000000000000000E+000
   266.000000000000       5.886883703272719E-004  0.000000000000000E+000
   267.000000000000       5.864835449702409E-004  0.000000000000000E+000
   268.000000000000       5.842951735337848E-004  0.000000000000000E+000
   269.000000000000       5.821230725169305E-004  0.000000000000000E+000
   270.000000000000       5.799670611372382E-004  0.000000000000000E+000
   271.000000000000       5.778269612806432E-004  0.000000000000000E+000
   272.000000000000       5.757025974524056E-004  0.000000000000000E+000
   273.000000000000       5.735937967291367E-004  0.000000000000000E+000
   274.000000000000       5.715003887118771E-004  0.000000000000000E+000
   275.000000000000       5.694222054801975E-004  0.000000000000000E+000
   276.000000000000       5.673590815472982E-004  0.000000000000000E+000
   277.000000000000       5.653108538160806E-004  0.000000000000000E+000
   278.000000000000       5.632773615361666E-004  0.000000000000000E+000
   279.000000000000       5.612584462618435E-004  0.000000000000000E+000
   280.000000000000       5.592539518109083E-004  0.000000000000000E+000
   281.000000000000       5.572637242243926E-004  0.000000000000000E+000
   282.000000000000       5.552876117271430E-004  0.000000000000000E+000
   283.000000000000       5.533254646892378E-004  0.000000000000000E+000
   284.000000000000       5.513771355882194E-004  0.000000000000000E+000
   285.000000000000       5.494424789721205E-004  0.000000000000000E+000
   286.000000000000       5.475213514232668E-004  0.000000000000000E+000
   287.000000000000       5.456136115228374E-004  0.000000000000000E+000
   288.000000000000       5.437191198161608E-004  0.000000000000000E+000
   289.000000000000       5.418377387787347E-004  0.000000000000000E+000
   290.000000000000       5.399693327829459E-004  0.000000000000000E+000
   291.000000000000       5.381137680654787E-004  0.000000000000000E+000
   292.000000000000       5.362709126953915E-004  0.000000000000000E+000
   293.000000000000       5.344406365428475E-004  0.000000000000000E+000
   294.000000000000       5.326228112484841E-004  0.000000000000000E+000
   295.000000000000       5.308173101934044E-004  0.000000000000000E+000
   296.000000000000       5.290240084697782E-004  0.000000000000000E+000
   297.000000000000       5.272427828520347E-004  0.000000000000000E+000
   298.000000000000       5.254735117686387E-004  0.000000000000000E+000
   299.000000000000       5.237160752744292E-004  0.000000000000000E+000
   300.000000000000       5.219703550235145E-004  0.000000000000000E+000
   301.000000000000       5.202362342427054E-004  0.000000000000000E+000
   302.000000000000       5.185135977054778E-004  0.000000000000000E+000
   303.000000000000       5.168023317064499E-004  0.000000000000000E+000
   304.000000000000       5.151023240363629E-004  0.000000000000000E+000
   305.000000000000       5.134134639575552E-004  0.000000000000000E+000
   306.000000000000       5.117356421799160E-004  0.000000000000000E+000
   307.000000000000       5.100687508373105E-004  0.000000000000000E+000
   308.000000000000       5.084126834644621E-004  0.000000000000000E+000
   309.000000000000       5.067673349742858E-004  0.000000000000000E+000
   310.000000000000       5.051326016356591E-004  0.000000000000000E+000
